scene_id,im_id,obj_id,score,R,t,time
5,0,5,0.9999274015426636,-0.7565529839870779 0.28273719742169556 0.5896501162675822 -0.3618136906256204 -0.9320900870708232 -0.01728938576621164 0.5447186757364906 -0.2264238211373312 0.807473725594495 ,54.32066144264126 -63.49938035602608 279.36916695301096 ,2.235414505004883
5,0,5,0.9998530149459839,0.21296031949420424 0.9650812220392635 0.1525324135655378 -0.9173026084740218 0.14372523224153977 0.3713475220112164 0.3364577637797674 -0.21900066777139576 0.9158792937434501 ,178.08512827756442 -138.58548686588193 469.8412962934029 ,2.235414505004883
6,0,6,0.9997047185897827,0.5706200411019653 0.6317226437585163 -0.5247087478359228 0.515433238816707 -0.7729224261917425 -0.37002634961957703 -0.639313182263365 -0.05930787850379535 -0.766655874908468 ,-137.94031643453118 100.39471932055118 452.3699849969348 ,2.235414505004883
6,1,6,0.9999247789382935,0.5958157884137301 -0.7319476243422429 0.33053928888510675 -0.7400670763083267 -0.3405259510838546 0.5799506868716354 -0.3119363217731636 -0.590165020869742 -0.7445810763781513 ,107.11909054267483 -8.202708761385836 261.77857235903167 ,0.03009510040283203
6,1,6,0.9998369216918945,0.2900976246298217 -0.9117544444561931 -0.2907700142698927 0.9525299959698199 0.24577039866321287 0.17967614732807474 -0.09235786356271841 -0.32909078406315784 0.9397708661598457 ,-32.14216697751527 -112.63355074188607 381.0435330458884 ,0.03009510040283203
6,1,6,0.9997714161872864,-0.7035441009087107 0.183431565417502 -0.6865701412711152 -0.2458189097788918 -0.9692899881157905 -0.007069832643544549 -0.6667823945423809 0.16379798456322756 0.7270292006387045 ,51.91919594737928 35.85927516279487 123.42699711086512 ,0.03009510040283203
5,1,5,0.9957529306411743,0.4424904741013546 -0.6360575687330529 0.6321652866038726 -0.06440353239787419 0.6805735054067561 0.7298437426963639 -0.894457581634945 -0.36366258124222495 0.260182938833444 ,80.81322410322204 -127.94730175045785 466.7840817235134 ,0.03009510040283203
1,2,1,0.9996494054794312,0.014368252183015434 0.9652783970119854 0.2608278543238377 -0.9159943429032513 0.11730317974115226 -0.38365912968656907 -0.400933806380113 -0.23340432790457594 0.885874992658088 ,-112.91188911336998 -71.49470570531999 270.93593739393106 ,0.7625732421875
3,2,3,0.9976807832717896,-0.5735321406360213 0.8162028653518262 0.06981236458487759 -0.7943177079152063 -0.5332622371275657 -0.29101677846137497 -0.20030043072793483 -0.22236067333315185 0.9541674215802126 ,0.35607243089303153 -136.7585951911314 405.08344806617043 ,0.7625732421875
3,2,3,0.9885846972465515,-0.35853505908460875 0.9272407597644035 -0.10806102367980798 -0.8753884148958921 -0.37415896479046823 -0.30610487113566576 -0.32426491403365476 -0.0151539598276179 0.9458449254652104 ,-42.5850942811181 -114.09817937559976 354.84967993669795 ,0.7625732421875
1,2,1,0.785804033279419,0.009824925308290749 -0.9228169655031345 0.3851133846314265 -0.999674733481518 0.0 0.02550347503097375 -0.023535039437868156 -0.385238689878868 -0.9225168040415692 ,-273.90640035233383 -101.95893497711528 648.1565431477107 ,0.7625732421875
1,3,1,0.9996519684791565,0.041394251437708474 0.6366870883566977 0.7700104333499529 0.947636103627501 -0.269266524092074 0.1717013514945669 0.31665806645275923 0.7225822378963125 -0.6144937578423045 ,-144.23784444476144 -66.02310693748251 375.92019423692 ,0.01934218406677246
1,3,1,0.9992699027061462,-0.2453089594965115 0.9176735319711411 -0.31256807756127325 0.927210040511049 0.3162223131757613 0.2007112090175085 0.2830283645966215 -0.24058000201467702 -0.9284482793696051 ,210.97006195687973 169.49343911250583 516.3103039427203 ,0.01934218406677246
1,3,1,0.7763037085533142,0.17261664429439347 -0.9807314743701361 -0.09148371052991992 -0.3621246706517298 0.023186315954529125 -0.9318412513179661 0.9160072145010208 0.1939798183632413 -0.35114471810045056 ,710.0991886769688 -888.0342689877086 2576.871233152532 ,0.01934218406677246
6,4,6,0.9998871088027954,0.117166265658794 -0.08459669067402532 0.98950263573099 -0.7330259576436089 -0.6795951039586491 0.02869564594329231 0.6700335899134034 -0.7286932788234265 -0.14163719068564237 ,63.72037552931412 -106.49492925800247 303.1308732680563 ,0.03103947639465332
6,4,6,0.9998376369476318,-0.6735760170935694 0.4976535113352773 -0.5464762866328533 -0.6893232739998202 -0.15618145927265342 0.7074183880149238 0.26669978087454865 0.8531988832828683 0.4482442330318754 ,37.05121542563532 -146.97602846690563 477.73033925421305 ,0.03103947639465332
6,4,6,0.999555230140686,-0.43174452590901763 0.8242021051704679 0.3664526629459342 0.24299168889903638 0.4975268501740039 -0.8327196842166805 -0.8686493558816418 -0.27047721380645573 -0.4150787555848954 ,36.603408756568136 -17.894955114218334 71.43706940811397 ,0.03103947639465332
6,4,6,0.9995442032814026,-0.4321558924320338 0.8003783488792545 -0.41549462485282596 0.2419624579253085 -0.34093393624336044 -0.9084152244829187 -0.8687320954074481 -0.4931110927194058 -0.04632490308740897 ,34.52367198055616 -16.79230821994113 67.33827718008098 ,0.03103947639465332
6,4,6,0.9955270290374756,-0.7215397899470083 0.4183935575263746 -0.5516585561229441 0.24263872127805322 -0.5934361390589671 -0.7674372937219937 -0.6484649431232026 -0.6875902703494361 0.32666930933439553 ,122.58472499161235 -87.0640371000057 375.46030818297737 ,0.03103947639465332
5,5,5,0.9999033212661743,0.6711345148002806 0.7008297486023718 -0.24169428317138164 0.6406950288838171 -0.7123466247436134 -0.2864824011696813 -0.3729454960277124 0.037415901570291676 -0.9270985423903576 ,-172.1273495923116 58.73167770528904 442.58304313110085 ,0.019106626510620117
5,5,5,0.9998248815536499,-0.5665918291216213 -0.8152741750976739 0.11958979300685628 -0.8239699914433946 0.5617827999357016 -0.07398336905802406 -0.006866758579395366 -0.14045677311974247 -0.990062999263886 ,-128.0374499382663 80.23087408157726 498.50528498671605 ,0.019106626510620117
1,5,1,0.9995633959770203,-0.7881267967041163 -0.3917023372035505 0.47478988125926236 -0.6081013730061013 0.37616681024399606 -0.6990788589415015 0.09523062776755495 -0.8396831604242957 -0.5346618722471839 ,226.67495935063963 -83.28494901393447 531.6310965171324 ,0.019106626510620117
5,6,5,0.9999048709869385,0.3447462460058148 -0.6264762722075122 0.6990547233413684 -0.937662057257377 -0.2647689827705299 0.2251382955930022 0.04404420784577143 -0.7330926722615891 -0.678701143089947 ,-113.28245406044029 85.7592516384107 245.78068878461804 ,0.03238940238952637
5,6,5,0.9998332262039185,-0.4550851669623531 0.33312630071235844 0.825787114566791 0.10953655286220498 -0.8993973207816988 0.42318577830282433 0.8836850312175218 0.2830394445027074 0.3728128732456626 ,29.950740324384967 -163.06333050247312 509.9406622791749 ,0.03238940238952637
5,6,5,0.9936872124671936,0.3105336831157595 -0.9473740613184506 0.07778958536684662 -0.43979700367985086 -0.07064330718544197 0.8953145361849815 -0.8427024547281123 -0.31223694703043736 -0.4385893998996391 ,-282.4072935567899 -115.08007816821637 783.8913539732876 ,0.03238940238952637
5,6,5,0.9231200218200684,-0.953564184254612 0.10417218718551102 -0.2826013126717978 0.24309884173271457 0.8201373415617366 -0.5179553012801973 0.1778153526978169 -0.5626036761282621 -0.8073777331286246 ,-188.40829642054092 -79.65610025873227 530.4801977552885 ,0.03238940238952637
1,6,1,0.892478346824646,0.9395563231067012 -0.3423202292987031 -0.007125750704272249 0.0 0.02081152901799682 -0.9997834166757983 0.3423943862130571 0.939352830874968 0.01955360368237751 ,-198.57939094006576 -59.661997680636716 541.6410111621228 ,0.03238940238952637
6,7,6,0.999934196472168,0.9716675335794104 0.234771331832975 0.02728783496499098 0.011254642077224309 0.06936369798118491 -0.9975279497007031 -0.236083750434923 0.9695726373778016 0.06475618602755168 ,124.62911581576901 58.520788679478486 289.907185899426 ,0.01895761489868164
5,7,5,0.9997166395187378,-0.9396225392571256 -0.11421485092793508 0.3225902223371024 0.016764382128485716 -0.956891231370636 -0.2899622851645328 0.34180175425506776 -0.2670470729169247 0.9010313100190588 ,-135.54366976101784 -113.7996825107023 415.7540895983677 ,0.01895761489868164
1,7,1,0.9742861390113831,-0.0460254283058109 0.9674114186639858 0.24899158015443146 -0.9743053643005661 0.01154024921062849 -0.22493527900997942 -0.22047838226095395 -0.2529465747676585 0.9420229897772674 ,-129.26917277630767 -94.04265046332557 284.35971408662743 ,0.01895761489868164
5,8,5,0.9999079704284668,0.5951085573776855 -0.6924886680019486 -0.40780540656633896 0.17071662227320344 0.6047950711471591 -0.7778680844434558 0.7853035335559612 0.39329679200953277 0.4781380486632831 ,60.585826049426444 3.9429279946078566 458.73481700161074 ,0.025442123413085938
5,8,5,0.999897837638855,-0.42450446414618104 0.8846129376358808 -0.193017901986269 0.34558136107049947 0.3553401628893916 0.8685084291579453 0.8368808056113036 0.30198231604674797 -0.45654922844575857 ,-17.174809834002364 -44.34038501645615 295.9452992801105 ,0.025442123413085938
6,8,6,0.9986533522605896,-0.8111574243336708 -0.4526372942768352 0.37032838505589977 0.002438597638096146 0.6306029754032322 0.77610175921341 -0.584822781866374 0.6304437859494976 -0.5104144850684973 ,-154.38389748252277 -122.34007143814328 351.9321709267855 ,0.025442123413085938
1,8,1,0.8863520622253418,-0.03940839926717978 0.1617804509231841 0.9860395852937596 0.9959390840166639 -0.07358100527549435 0.05187655145338757 0.0809463958138152 0.9840797332339178 -0.15822376446986172 ,104.3782771997079 -119.729372605737 1025.310903365654 ,0.025442123413085938
5,9,5,0.9999281167984009,-0.28401270501612996 0.5704295208379125 0.7706795346614896 0.8832460949080199 0.4684293982322826 -0.021218734681277406 -0.3731127433084451 0.6746732991814418 -0.6368695472013679 ,11.796625632891464 32.98309860629657 354.0767151507144 ,0.027092456817626953
5,9,5,0.9999114274978638,0.6091937159900003 -0.7797555811151111 0.14444462647717493 -0.014985681704869053 -0.19343146676198963 -0.9809993358866997 0.7928798431932392 0.5954540296161752 -0.12952240297231893 ,202.71103958207235 -71.24362187452051 593.1111246492939 ,0.027092456817626953
5,9,5,0.9998420476913452,-0.4782631299538505 -0.40428649515789455 0.7796260695741852 0.637293225354235 -0.7705729309703617 -0.00864308818320178 0.6042530293216102 0.4927167420422124 0.6261856662899314 ,103.05094569037122 164.38940240845002 573.2999143127806 ,0.027092456817626953
1,9,1,0.9997596740722656,0.07260021461350322 0.9457831644495469 -0.31658081856277176 -0.9618493020499558 -0.01755287085790624 -0.2730161476372017 -0.26377097828246004 0.32432407028841853 0.9084265344250281 ,-144.1901888176385 45.160151480069985 327.62997919627236 ,0.027092456817626953
5,10,5,0.9997310638427734,-0.1837752962824022 0.8611411441729305 0.47398583342632844 0.8637371357417618 0.37165649470719647 -0.3403374946763536 -0.469238532962642 0.3468535422256714 -0.8121008677674048 ,43.15552952909784 -252.56931518588306 655.8051783159623 ,0.02496337890625
6,10,6,0.9997181296348572,-0.06758502875483982 -0.6758054861028874 0.7339749374750119 0.26738324995715956 0.6964780939408549 0.6659012406527419 -0.9612171770887964 0.24125755866657073 0.13362757520695934 ,8.931772193244013 -33.965878806103 122.40553641457548 ,0.02496337890625
6,10,6,0.9298841953277588,-0.12693532355351705 0.9430251460002065 -0.30755649504709404 -0.32358716024617856 -0.3324702847526 -0.8858639057328949 -0.9376453345258953 -0.012926088651030287 0.34735305220194596 ,61.24452102080362 146.3910837322731 428.06087938179667 ,0.02496337890625
6,10,6,0.7044457197189331,-0.761778628452588 -0.44351543026717755 0.47221540037128623 0.19078228954097026 0.5430031459674896 0.8177711791613314 -0.619108584361741 0.7130509424889147 -0.32903330254743407 ,331.6827444849825 -189.10933294263793 855.7605834428567 ,0.02496337890625
5,11,5,0.9997603893280029,-0.8416126000649352 0.525633582303715 0.12408693954846022 0.1792230911399023 0.05507654727457936 0.9822655738355942 0.5094774921566189 0.8489263284260152 -0.14055879158177007 ,-81.61656127590102 -70.80414476825842 286.9676576700013 ,0.026125669479370117
6,11,6,0.9997580051422119,-0.32205926722860123 0.5860338776283841 -0.7435335383585713 0.9442481421917749 0.14212803839056604 -0.29697654229018067 -0.06836135135848394 -0.797724209846417 -0.5991350521087478 ,-125.63160809990097 33.78053571710693 661.4682510312001 ,0.026125669479370117
5,11,5,0.9974437952041626,-0.34630567642823595 -0.6311630484401378 0.6940501312998466 0.5470215318346683 0.4651775942331393 0.6959721614638921 -0.762128481414279 0.6206794761446695 0.18416613616499625 ,-95.65053215164484 -57.81291929006832 352.5654301527921 ,0.026125669479370117
5,11,5,0.7984697818756104,-0.5008007005922659 -0.7325682458050062 -0.46102323534120426 -0.8583061272174126 0.48912313264344265 0.1551423639568259 0.11184475967761112 0.47339447224406955 -0.8737210214830684 ,-87.17122165280018 -55.48652949520165 323.2601410850497 ,0.026125669479370117
1,12,1,0.9997799396514893,-0.7103903512138567 0.3031119601916327 0.6351918517196511 0.6941067581270058 0.4510601526447334 0.5610352457898948 -0.11645324050738731 0.8394449822858526 -0.5308208402940042 ,-221.5720197272894 -129.14675993023403 444.6200088132831 ,0.02544116973876953
3,12,3,0.9990264177322388,0.936522258066436 -0.2512753063558285 0.24451335456765616 -0.169701570642646 -0.9351327305241358 -0.311011500147331 0.3068019508861748 0.2497748920893747 -0.9184144305345918 ,-84.98595519691573 99.27953241644487 303.38388762741755 ,0.02544116973876953
3,12,3,0.9982534646987915,0.9723199703258812 0.22445224319128507 0.06492353834995243 0.0288946469135934 0.16022327236819353 -0.9866577939546044 -0.23185981688342702 0.9612230196567433 0.1493028191185813 ,136.2704027470113 -75.46164380662445 304.1558754514433 ,0.02544116973876953
3,12,3,0.9109907150268555,-0.9913013406975174 -0.09969198711421384 0.08592531429400718 -0.08898600167205102 0.9887154561427604 0.12051239890913766 -0.09696980683556211 0.11181795244786417 -0.9889861485747113 ,-53.23966333207813 -73.84755343764657 608.3136672513424 ,0.02544116973876953
1,13,1,0.9994620084762573,-0.8296832140788977 -0.1441663391283255 0.5392975347042173 0.037595689478952005 0.9494531481032393 0.31164929598741326 -0.5569670801836604 0.27884545221176693 -0.7823253066164376 ,-87.08983392005675 -62.78647496155447 329.64819472395527 ,0.019995689392089844
1,13,1,0.9992908835411072,-0.9136635868613321 0.33210798092438126 -0.23435686260490818 -0.08321958823828988 -0.7171892399673532 -0.6918916780887739 -0.3978609684011922 -0.6126531507152974 0.6829075828701013 ,-103.83303723104316 -33.3490891445238 300.7222862872801 ,0.019995689392089844
5,13,5,0.9991505146026611,-0.3642649492084399 -0.904971848114129 0.21985677360288539 -0.3199495338687581 0.34331423805252853 0.883044523072068 -0.874610394721751 0.2513190961135056 -0.4146026644552028 ,-204.0241357376514 35.53391814254489 630.2362051052165 ,0.019995689392089844
1,14,1,0.999875545501709,0.20179996955107096 -0.9459306302174151 0.2539527812520881 -0.968592822012868 -0.15428352199047132 0.19499882047685427 -0.14527462763447546 -0.28532759708570044 -0.9473560285906059 ,-46.05562437638848 15.312668457339756 487.04292851403574 ,0.019783735275268555
1,14,1,0.9998695850372314,0.032210556838478226 -0.17725371184881375 0.9836379423669934 0.914958470731715 0.40131892776302597 0.042356995353974 -0.40226045898700574 0.8986235250954389 0.1751064912577788 ,-107.6467268287462 183.5480530320435 525.6695994992218 ,0.019783735275268555
1,14,1,0.9742536544799805,-0.43687043094565375 0.4445779808970757 0.7819812308916615 0.8982378154443723 0.2620882483997584 0.35281521644689334 -0.04809421452815804 0.8565396482079657 -0.5138353603798531 ,369.848679383284 213.81899971619288 976.295519524039 ,0.019783735275268555
5,15,5,0.9998377561569214,0.4718207098542936 -0.7988918517559175 0.37303756774699204 -0.6182311770478901 -0.6014196049464527 -0.5060480911060068 0.6286298032058065 0.008140514974741553 -0.7776620747711535 ,175.1650262593801 104.16621494079905 404.06117010362755 ,0.02479243278503418
5,15,5,0.9996772408485413,0.9769579006723418 -0.21072786061353943 -0.03386781769071617 -0.0986630396671834 -0.5866048139337147 0.8038410271150784 -0.1892587248121541 -0.7819773404843858 -0.5938792588156657 ,107.41653339955536 -18.89199070769914 242.15815142025465 ,0.02479243278503418
5,15,5,0.9993635416030884,0.06326835779300559 0.6607275616666395 -0.7479546805497198 0.9092612357206483 0.27077441677838016 0.316109507028953 0.4113892562013935 -0.7000859264921592 -0.5836425065137726 ,-137.590170355187 83.34945033869796 541.2964066192102 ,0.02479243278503418
1,15,1,0.9980931282043457,0.9636962747103417 -0.08058488596611375 0.2545497323967131 -0.2650535828214226 -0.17380346369677396 0.9484402744720046 -0.03218832619036048 -0.9814776778719078 -0.1888530632429094 ,30.393390100055633 122.69465910154616 486.95195832557306 ,0.02479243278503418
1,16,1,0.9996057748794556,0.3157400855314775 0.937832185590005 0.14414919375442117 0.20665719913509906 0.08030402066536003 -0.9751123352263643 -0.9260674923752649 0.33767152076604234 -0.1684545743793765 ,113.57132839416857 -65.23847118445093 484.027347553736 ,0.031081438064575195
1,16,1,0.9993149042129517,0.3065994934957836 -0.9243926226981137 -0.22692516319137418 -0.950435089738901 -0.28437768650336614 -0.1257078820599585 0.051670985873468384 0.25421961080981953 -0.9657652399514945 ,-19.09170755825704 12.270756856601253 339.2748772532368 ,0.031081438064575195
1,16,1,0.9967904686927795,-0.2480465992082721 0.06192873452147346 -0.9667666297828963 0.9248543380474711 0.3121309724419241 -0.21729866414047 0.28830077699511114 -0.9480185060867892 -0.13469808499376507 ,254.8875457271474 151.3565794673972 700.9919233955607 ,0.031081438064575195
1,16,1,0.9671391248703003,-0.6055231313184766 0.3937420159773709 -0.6915988449183117 0.7939509652297687 0.35852756323450174 -0.49101919637815483 0.05462236033883507 -0.8464190518030689 -0.5297085863904872 ,95.35442054687816 308.2939893341242 1362.5196939552718 ,0.031081438064575195
1,16,1,0.9367709159851074,-0.45288321575892587 0.8894841009635639 0.06094938077532114 0.8915603227876062 0.4521349009956361 0.026348095425017648 -0.004121130271371121 0.06627265978295507 -0.9977930400892661 ,143.88714468121594 103.48380665569118 485.955118949395 ,0.031081438064575195
1,17,1,0.9998923540115356,-0.05824848725053907 0.8494178149779323 0.5244964149840671 -0.985270083525 -0.13352971228617896 0.10683013829163492 0.1607792780294258 -0.5105479326516612 0.8446838652546 ,-19.15551955157303 46.93455571095817 194.5449898041486 ,0.02772212028503418
5,17,5,0.9998530149459839,-0.06644034545007532 -0.5952354689842484 0.8007998607389841 0.517165647507059 0.6658110415577813 0.5378060523816619 -0.8533026271699151 0.44987819840801835 0.2635986211308332 ,-235.3340412368368 102.91247395468801 463.6110220106952 ,0.02772212028503418
5,17,5,0.9997609257698059,-0.2990271327624684 0.2557250842308738 -0.9193407720573311 0.9513384740703945 0.004758625065345856 -0.3081111215793754 -0.07441694447684837 -0.9667378324978287 -0.24470406942290457 ,-204.49232977124515 -11.05586618995077 411.78236348498166 ,0.02772212028503418
5,17,5,0.9996680617332458,-0.26260581470079825 -0.8742012200044671 0.40842430513870187 0.751232684605869 -0.4508740974643818 -0.4820394193585606 0.6055473884554281 0.18023533276907905 0.7751306890818026 ,-176.8905179129708 40.77001344414977 439.0839035771099 ,0.02772212028503418
6,18,6,0.9998611211776733,-0.13663619002266406 0.7786034643435632 0.612459955334463 -0.9672134052909214 0.028752731993964553 -0.2523321403000877 -0.2140765755556417 -0.6268571812742396 0.7491470443666481 ,-86.30063296500545 -121.45909711026336 513.9457178255086 ,0.024483442306518555
6,18,6,0.9998525381088257,-0.664733106927382 0.4519572901883478 0.5948651144589631 -0.5805752052396589 -0.8136315373657581 -0.030596608713401016 0.4701726572394418 -0.3657025146884261 0.803243016237903 ,117.87898910131179 -41.309019502655325 717.7810146417484 ,0.024483442306518555
6,18,6,0.9997243285179138,0.361609648205838 0.9097634878739488 -0.20388442426011272 0.33549983007851497 -0.33100923297677337 -0.8819709471980445 -0.8698725920166341 0.2505260142491309 -0.42492162788296217 ,-64.6348126860266 -52.16442647824958 146.47098395987206 ,0.024483442306518555
5,18,5,0.9991779923439026,0.28534488255972096 -0.7575281794789954 -0.5871365729472301 -0.6870996893857175 -0.5887768167187695 0.4257180721329115 -0.6681858385531898 0.28194488360271996 -0.6885018284414494 ,69.94218501997945 -172.4073757319332 645.9264396015474 ,0.024483442306518555
1,19,1,0.999747097492218,-0.032015269347966224 -0.9989405837461938 0.033056507277556366 -0.8717386258955189 0.04408669116225044 0.48798374131128314 -0.4889241154313928 -0.013193703315533253 -0.8722265391183942 ,-42.608218070154734 21.44769638553486 459.51435749308 ,0.025040149688720703
1,19,1,0.999657392501831,-0.18769999599651674 0.8164871878417013 0.5460012670253228 0.8291935376494178 -0.16625151693180748 0.5336651667837391 0.5265043101659765 0.5529096718345803 -0.6458204906693701 ,-66.06164178143672 -91.15572250454946 256.6704891867901 ,0.025040149688720703
1,19,1,0.9992591738700867,-0.6620334736725068 0.5192671439755121 0.5404380750138069 -0.7339739953371318 -0.3033038898623972 -0.60769147152415 -0.15163724445518795 -0.7989795889644826 0.5819259080949943 ,65.94690613708458 -59.61319217670581 491.798441145862 ,0.025040149688720703
6,19,6,0.9985974431037903,-0.10568011800235011 -0.9069135360906129 -0.4078474601056501 -0.24502215040187542 0.4212473408238534 -0.8732209477911491 0.9637405555809353 0.007649568906336945 -0.2667313735279318 ,179.69322641968438 125.86853471379239 378.79520540166465 ,0.025040149688720703
5,20,5,0.9998435974121094,0.21541812051095652 0.19158438675989442 0.9575439708469592 0.2641801209575914 -0.9554350194173713 0.13172997897881755 0.9401084496197019 0.22458705755399735 -0.2564308026210542 ,-48.22264988019239 64.5536444478829 317.95399766357775 ,0.024617671966552734
1,20,1,0.9996538758277893,-0.6791434024550731 0.4565072391383312 -0.5747741987215891 0.4796550719081934 0.868758255324048 0.12324814724393172 0.5556035015138872 -0.19199019355325037 -0.8089774500472143 ,-140.53659446987848 -206.44381074993362 601.1770352999404 ,0.024617671966552734
6,20,6,0.9967498183250427,-0.1653356720057969 0.923990891408303 -0.3448259679271286 -0.011061917334655546 -0.3513533252551232 -0.93617758722213 -0.9861753137993633 -0.15096911414808392 0.06831234900126046 ,28.869467704995415 1.9048323018726125 172.1867644925194 ,0.024617671966552734
6,20,6,0.9682236909866333,0.18951078783710715 -0.705204941012015 0.683206888479324 0.1945112730802885 0.7089896862785137 0.6778635477700363 -0.962419360745639 0.00442898667137992 0.27153150487378136 ,-75.8705114435157 -74.94595568075377 377.9447224418692 ,0.024617671966552734
1,21,1,0.9997121691703796,-0.08409499910297386 -0.41087041735392044 0.9078069900971715 0.9934026438368321 -0.10585390405433974 0.044115056550418384 0.07796934233314276 0.9055277196971222 0.4170615428402231 ,-180.50318248143174 -73.09878973695578 394.80802522139584 ,0.031352996826171875
1,21,1,0.9985466003417969,0.9936040264151321 -0.10248821953396471 -0.04740467854964551 0.0 0.41980579007483654 -0.9076139590264366 0.1129204972165699 0.9018088841192462 0.4171207233307433 ,-47.637656898858005 124.95823477577234 400.11191411527267 ,0.031352996826171875
5,21,5,0.977976381778717,0.7035418916220031 0.4932117426865248 -0.5116355965030727 -0.530227690713135 0.8436661621103683 0.08417839931347065 0.4731674151227552 0.21206033053375 0.8550690109458807 ,225.9740630575098 -92.03896601619677 609.192181504237 ,0.031352996826171875
1,21,1,0.8683763146400452,0.9993568646696821 0.03404862812630665 0.01124935377251113 0.0 0.31371207240499527 -0.9495181597143696 -0.03585884880448103 0.9489074910390789 0.31351031308768434 ,21.132927721193056 184.7630642705604 559.2258003475447 ,0.031352996826171875
5,21,5,0.8092992305755615,-0.5342359818300415 0.5001280682482012 0.6815158333218783 0.49756326887692326 0.8377979696337863 -0.22477845880336478 -0.6833905978154822 0.21901250518595491 -0.696427177377197 ,238.4536782772712 -98.64729864099772 643.4868152908786 ,0.031352996826171875
5,22,5,0.9996309280395508,-0.05042326641262368 0.10735358564922225 -0.9929414392865961 -0.24548566362775573 -0.9650370999890558 -0.09187047729250872 -0.9680879521807522 0.23912047861479385 0.07501408900673245 ,-189.46776339508168 31.005532415752704 467.6449730857063 ,0.01904892921447754
6,22,6,0.9986720085144043,-0.08022706631091699 0.8160693869655694 -0.5723586056737363 -0.9901686420288329 -0.13125559743069407 -0.0483531641765934 -0.11458480777974339 0.5628523108247414 0.8185765682117514 ,29.062398263890493 16.273435367896735 318.0526708213237 ,0.01904892921447754
1,22,1,0.9962038397789001,-0.135048057040827 0.33739744779267145 -0.9316249162149374 0.9504133751097092 0.3099402553389209 -0.02552360736682377 0.28013646442772977 -0.8888756945397012 -0.36252387639229383 ,27.59719566835321 67.67690882529737 426.99118118883666 ,0.01904892921447754
5,23,5,0.9998977184295654,-0.4476825147239487 -0.893798845211209 0.026532815710948614 -0.5421952020310681 0.294928902886306 0.7867917800388928 -0.7110588786485484 0.3378469572770925 -0.6166479583633432 ,25.7560606752435 -92.3128566917949 478.344021665602 ,0.033293962478637695
6,23,6,0.99979168176651,-0.3347143157123453 0.8433785941364912 -0.42033186152083696 0.278842521833165 -0.33743818853517926 -0.8991008380241994 -0.9001184226950014 -0.41814831802896496 -0.12222442167836263 ,19.168123747411066 -14.373547524798175 49.50266240583806 ,0.033293962478637695
6,23,6,0.9997550249099731,-0.4418811007846455 -0.34897500285393573 -0.8264124515957185 0.8822435746853078 -0.00224019146669302 -0.47078791028305145 0.16244189021259278 -0.9371293554922332 0.3088708522649424 ,-170.98636837535258 -74.08810484756455 352.6768038159905 ,0.033293962478637695
5,23,5,0.9822646975517273,0.006362263097791622 -0.8679824393171769 -0.49655413264343873 -0.607641544504063 0.3910165294827001 -0.6912870800644415 0.7941859196693123 0.3061250703688085 -0.5249344399929391 ,23.65701790494371 -84.42306854425438 436.5878409256434 ,0.033293962478637695
6,23,6,0.789598286151886,-0.186927064743113 0.9253328767663569 -0.3298747332576749 -0.08686193364254823 -0.35004675353057024 -0.9326962393119133 -0.9785260737202671 -0.14569261312093454 0.14580941509927298 ,100.12047864567303 45.52528005137694 522.1298784485188 ,0.033293962478637695
5,24,5,0.9998489618301392,-0.11082880468894032 -0.4809576697402671 0.8697106967085277 0.856426494357602 0.3977715002694192 0.3291071152919119 -0.5042327198958524 0.78131783128982 0.367820351115872 ,-39.61924902701298 -97.94872904473719 445.8537238887874 ,0.013421773910522461
6,24,6,0.9985064268112183,-0.37819854464679736 0.87177069833795 -0.31141886639445504 -0.038989712631214375 -0.3511076429025362 -0.9355229689346812 -0.9249030560745163 -0.3416712932260891 0.16677848856861638 ,39.16918882754439 3.734831156358499 95.71733116083216 ,0.013421773910522461
5,25,5,0.9993599653244019,0.6450238094042593 0.5930061158272593 -0.48196268724153857 -0.4477667039918507 -0.21778613597514718 -0.8672221040617503 -0.6192328028277347 0.7751857490746861 0.12505115086885804 ,190.26918312777144 -180.54128418055492 464.39743881132955 ,0.02614426612854004
1,25,1,0.9992474913597107,-0.988266759623253 -0.14886175080216874 0.03419050996794842 0.03612883006557482 -0.4453325552046588 -0.8946360281773713 0.14840323265295868 -0.8829037854845807 0.44548556218484714 ,27.10409386194997 115.46586383885551 333.74346894955335 ,0.02614426612854004
6,25,6,0.9886201620101929,0.3633092147145528 0.8950616793550178 -0.2585942858101669 0.19542906167980978 -0.3445995585315029 -0.9181822401412708 -0.9109412145437509 0.2830472299989326 -0.30011725914296783 ,-23.1390556137563 -11.338320141682514 56.89887033128959 ,0.02614426612854004
1,25,1,0.8335310816764832,0.09536744392120962 -0.9724337766737005 -0.21278533930714927 -0.912539876738075 0.0 -0.4089877423137015 0.3977134948713629 0.23317922288257956 -0.8873845987017593 ,442.21286285755946 528.7999944120371 1766.7322931623708 ,0.02614426612854004
6,26,6,0.9996288418769836,0.7056691060085762 0.7025099846493923 -0.09225418306487437 0.6843887461285981 -0.6421061609815021 0.3454152894735876 0.1834207103834843 -0.30688662319740767 -0.9339044081194339 ,-108.86250333272251 16.124624114548865 295.660082751599 ,0.019241809844970703
1,26,1,0.9972738027572632,0.9996484549330233 0.02618369191570475 -0.004169031983878097 -0.011775674662416736 0.2975773023261851 -0.9546251005638365 -0.02375500023708814 0.9543385999832207 0.29778102113096844 ,-11.326313404800601 191.128454712298 786.1020685821328 ,0.019241809844970703
3,26,3,0.7051923871040344,0.3514614822414715 -0.9361848797263491 0.005718170370765606 0.28331562468358473 0.10053662440362052 -0.9537424411043455 0.8923043669683446 0.33682377903777316 0.30057055505144775 ,7.04791604200744 -44.87019129867648 367.740129339041 ,0.019241809844970703
5,27,5,0.9997743964195251,-0.09230771701322875 -0.15271713569737733 0.9839495728156982 -0.9051395682139274 -0.3989510099795339 -0.14683478365092945 0.4149718634236676 -0.9041656751396279 -0.1014040653326592 ,-1.8858549220894507 36.44000091001041 307.9625137816774 ,0.024358272552490234
3,27,3,0.9884002208709717,0.09276478598035656 -0.9826462824852258 -0.16062682839421571 0.5223743792706108 0.18536837431912614 -0.8323241998668119 0.8476554148730856 -0.006696963509719045 0.5305048994270334 ,-158.97071132947315 84.0337635649047 518.2666326879174 ,0.024358272552490234
3,27,3,0.9664788842201233,0.14547098242706794 0.9002383336234977 0.41037682189238184 -0.9893546752139307 0.13401719666292486 0.056716114385141535 -0.003939530941777909 -0.414258776217715 0.9101506174378832 ,339.5381206697262 42.70959512699813 751.8294915904637 ,0.024358272552490234
3,27,3,0.9504945874214172,-0.018168089889893477 0.9753056642800574 -0.2201108396535456 -0.8788990078897742 0.08937432660712855 0.46856030953751615 0.4766617820217217 0.20196804441980032 0.8555714199253724 ,-139.77942610550622 50.11482953108056 650.3206641862572 ,0.024358272552490234
5,28,5,0.999839186668396,0.4043726182954398 0.3640066690397694 -0.8390363105774759 -0.25520417743248797 -0.8360406660057916 -0.4857024115707061 -0.8782673928786708 0.4105303273561699 -0.24517593056199102 ,-147.4362292100505 -104.67534934683816 461.91933722970407 ,0.025027990341186523
5,28,5,0.9995920658111572,0.48911568434939084 -0.7546940038204092 0.4372674329525898 -0.8610653875928319 -0.49771586008606256 0.10414087049951798 0.13904044596099893 -0.42745278478015725 -0.8932815184311469 ,164.6660507350894 41.07358768947189 361.45920333636315 ,0.025027990341186523
6,28,6,0.9926468133926392,-0.5813724589492628 0.6162262009167875 -0.5312921355327507 -0.5234362377408365 0.21665072953672254 0.8240612637485907 0.6229129706427745 0.7571840797949128 0.19660035684129595 ,125.65805635996986 181.71467755180902 655.5062279568507 ,0.025027990341186523
3,28,3,0.9885197877883911,-0.5464010179870626 0.8241142449162115 0.1492703549566496 -0.7650904108836895 -0.563657927550386 0.3113300561838371 0.34070895309124016 0.05590574242228083 0.9385051716680547 ,39.793085309043484 132.50183442822703 447.6116166301548 ,0.025027990341186523
1,29,1,0.9992173910140991,-0.0659187181143264 0.1678817747400332 0.9836007484301242 0.9909459372298592 0.12656342478065816 0.04480902805714929 -0.11696526018352492 0.9776489192025568 -0.1747046613352743 ,88.05776532578291 25.04480068078852 501.6769544075173 ,0.012918949127197266
3,29,3,0.9257882237434387,0.9550031607944263 0.29317169020549577 0.04493687722470369 0.0 0.15150890276648948 -0.9884558929878938 -0.29659562180291077 0.9439785021093158 0.14469148103049284 ,136.8637693011658 -113.49548628256147 425.81957834857764 ,0.012918949127197266
5,30,5,0.9998806715011597,0.8253779302213384 -0.27855819613357985 -0.4910769834459212 -0.5640667762055749 -0.3697607990779912 -0.7383126867704872 0.024082032401550324 0.8863872081838792 -0.4623178266986892 ,-258.06393588059774 -4.448455570818494 512.8532864792979 ,0.034285783767700195
5,30,5,0.9997168183326721,-0.39088884000261065 -0.7969516525356554 -0.46051490560252384 0.49878237073227316 0.23708935659470365 -0.8336694690560538 0.7735774437043175 -0.5555688080788891 0.30482985103446814 ,-176.6602205455015 -46.23494183422911 377.12903435795823 ,0.034285783767700195
1,30,1,0.9988721013069153,0.7689774152945468 -0.5476962932179028 -0.3297006296055365 0.44456615488346984 0.0875432538920205 0.8914578580225339 -0.4593850984729968 -0.8320847006725736 0.3108060202241727 ,194.5158829515413 -168.4381917262272 417.35544297371473 ,0.034285783767700195
1,30,1,0.9978499412536621,0.8638474688230716 -0.48044677283610293 -0.15145444555821508 -0.5009616989867666 -0.850923468883009 -0.1580083107067451 -0.05296155923180925 0.21236795562297336 -0.9757535163494182 ,-42.73365873648372 -138.20168868965217 629.3185747985467 ,0.034285783767700195
1,30,1,0.9806731343269348,0.9978538341207186 -0.06545430183434556 0.0018601349305230343 0.0 -0.0284073648728842 -0.999596429375865 0.06548072793258612 0.9974511296260871 -0.02834639795567372 ,-56.8792578011515 -137.17970842306198 855.8527936214966 ,0.034285783767700195
6,31,6,0.9996377229690552,-0.16206776247200794 -0.2490104177585748 0.9548444125694073 0.07608905983285782 0.9616024712599657 0.26368758453988445 -0.9838417023795385 0.11538847045709115 -0.13689779232881888 ,-175.90701987750936 139.74558995367627 508.75981587577587 ,0.019087791442871094
6,31,6,0.9989208579063416,-0.03259051342869182 -0.6835600943938375 0.7291662744441368 0.2886601159774253 0.6920266689025868 0.6616452425367306 -0.9568767924233263 0.23204457950979504 0.17476303167938229 ,2.6445611182796642 -22.41326930526695 74.3406238315992 ,0.019087791442871094
6,31,6,0.9584904909133911,-0.16653421205081265 -0.777275209034759 0.6067203685690687 0.08458099943382094 0.601784165216377 0.7941674086926535 -0.9824013491192849 0.18357305879349475 -0.03447493776367347 ,-613.1833485685096 -157.24395342024823 1672.3042605761275 ,0.019087791442871094
5,32,5,0.9987016916275024,0.24994958025170078 0.9039417301235505 0.34700800548869315 -0.34591074851157966 0.41809643053195544 -0.8399649569122491 -0.9043621848552479 0.08991508948825039 0.41718618779408617 ,242.18938308774233 140.8847099744463 597.9523469051942 ,0.018743038177490234
1,32,1,0.9886443614959717,-0.051621723175341694 -0.2820328380678297 0.9580149664529326 0.9985157078580805 -0.03125761939072472 0.04460204469192848 0.01736602594391092 0.9588954267705262 0.28322779111783053 ,-114.91780543027176 -42.7722024575912 393.44535116745124 ,0.018743038177490234
1,32,1,0.8130530714988708,0.9951255423768955 -0.09849810003571963 0.004824852167994238 0.0013839230214119187 -0.03497244031828092 -0.9993873188985615 0.09860648896578986 0.9945225249875126 -0.03466565485176812 ,-196.43129161958169 -139.34998921575567 1404.425500176626 ,0.018743038177490234
1,33,1,0.9997333884239197,0.31087603847377615 0.6367777933690326 0.7055991288082183 -0.9493115331118004 0.17169679935713072 0.26330177020187423 0.04651560817375873 -0.7516876019747716 0.6578769240774773 ,-89.30155111793488 57.11012017416907 390.5262264127623 ,0.017949819564819336
3,33,3,0.9773882627487183,-0.5469691846088068 0.7873591166398289 -0.28441225805602177 -0.8188157328272107 -0.57388526566385 -0.014017757615619693 -0.17425701352604106 0.22521395005212383 0.9585995879087914 ,-165.54685171541098 -19.327559590627967 442.7461206271472 ,0.017949819564819336
1,33,1,0.8011907935142517,0.459112023029226 0.8842496348204718 -0.0855495974851646 -0.2418542822460703 0.031747598212771705 -0.969793068735263 -0.8548231726323575 0.46593419420298254 0.22843526479763962 ,-413.56549256709854 354.3724276321204 1045.9025560046746 ,0.017949819564819336
5,34,5,0.9998854398727417,0.6836787948320452 -0.30687989108203506 -0.6621238841383691 0.7095426708780141 0.4917167836468485 0.5047413227419493 0.1706824645366256 -0.8148860884378114 0.5539207155994681 ,44.757468554695784 151.7949216859494 410.4340056812661 ,0.03149986267089844
5,34,5,0.9998576641082764,-0.707485338709938 0.12726789784977285 -0.6951743505678154 -0.05908215678261419 -0.990859485155418 -0.121271511194734 -0.7042540693956968 -0.04472541620197276 0.7085378203632898 ,134.60547010145783 -7.468846353294319 553.2826401540743 ,0.03149986267089844
1,34,1,0.9993062019348145,-0.19814891073835608 -0.6842236226369035 -0.7018369065522526 -0.9316486954547244 -0.09102679776566211 0.3517738340838323 -0.30457793326292254 0.723569040461352 -0.61941918460371 ,208.65261910024893 -154.7254737470575 399.7721192312297 ,0.03149986267089844
1,34,1,0.9989921450614929,-0.14867699683536773 0.5021518388480712 0.8519029764905841 -0.9453942958007835 0.18049644698458964 -0.27138654736976164 -0.2900427142325019 -0.8457331513943624 0.4478958143957179 ,291.09774624347074 -210.6347498161818 549.6635597320234 ,0.03149986267089844
1,34,1,0.7207358479499817,0.031437660076873104 -0.9873179172708715 0.1556117083152795 -0.9801968566691885 0.0 0.19802555940040228 -0.19551418287360442 -0.15875556757452208 -0.9677659190420782 ,-41.830463257917714 -84.26581317725746 246.1225878944165 ,0.03149986267089844
5,35,5,0.9999258518218994,-0.451462143046518 0.1523545055093122 0.8791871462020235 -0.36591608440216195 0.8670418901664544 -0.3381475711466401 -0.8138103910442747 -0.47436954513079255 -0.33568762574865607 ,-85.1743212343133 45.702369506388905 283.6004643435141 ,0.012242317199707031
1,35,1,0.9994463920593262,-0.28707382007778937 0.378020930833583 0.8801640742939105 0.9444244160596491 0.265321194903642 0.1940803593496631 -0.16015974580504233 0.886963832062286 -0.43317896582942383 ,172.2806078139013 145.9745498971658 482.73182084666576 ,0.012242317199707031
5,36,5,0.9998351335525513,-0.9244136048606774 0.28211744518928766 0.25665002292685846 -0.1843122859270038 -0.9195862844137486 0.3469726888019842 0.33389888949328683 0.2734425216347769 0.902075783378073 ,170.15252216296574 109.52717754529874 357.28208975906256 ,0.019016027450561523
5,36,5,0.9997768402099609,-0.7897412559317312 0.2322149616280118 0.5677895387161276 0.4775088936134591 -0.3483299842207918 0.8066297035274571 0.3850896067143624 0.9081533095732484 0.16420584980972447 ,-205.42229453275957 38.716292599140445 502.85423114222397 ,0.019016027450561523
3,36,3,0.8571887612342834,-0.6768112432350418 0.7278574575338669 0.11022732212556165 0.1845025484420751 0.0227620302566681 0.9825684198044298 0.7126607542505878 0.6853505756114382 -0.14969715381413706 ,-90.39412653812546 84.3244038639959 675.6438187382159 ,0.019016027450561523
6,37,6,0.9998940229415894,-0.20131442216642614 -0.6978445181732216 0.6873758301565325 -0.21834011107762452 0.7160567265682933 0.6630161085757351 -0.954882243694168 -0.016607010323495153 -0.29651999576033117 ,-49.04789087876198 37.39614233066526 142.08331629291808 ,0.018444299697875977
1,37,1,0.9995035529136658,0.8751635011627564 0.48358496813181906 0.015310938230346377 0.31988779261303935 -0.6020760969189385 0.7315573618357032 0.36298849343981 -0.6353345198521836 -0.68160795294252 ,-185.4023413533052 -247.32127258415022 775.9219746791715 ,0.018444299697875977
1,37,1,0.9988294839859009,-0.04063709192919993 0.010684505705044008 0.9991168440664868 0.9595957826882747 -0.27822924371984525 0.04200502096131008 0.27843232679847885 0.9604552718773122 0.0010536207397660834 ,6.378581248257468 -152.20572962365327 405.62911889510696 ,0.018444299697875977
5,38,5,0.9996822476387024,-0.4766182406999915 0.49896983358638025 -0.723784607326534 0.340779334714636 -0.6540749461489477 -0.6753187468534405 -0.8103730607957641 -0.5685200699984401 0.14170544218721376 ,-222.48964264096242 -2.44736435664403 454.8476356730412 ,0.01818680763244629
5,38,5,0.9995455145835876,-0.20704127803061684 -0.9782549740394416 -0.012292882434169284 0.05926968645071223 0.0 -0.9982420068640843 0.9765352085099048 -0.20740589617243643 0.05798086558016734 ,-189.78025833388128 -327.642006085629 833.0025552376945 ,0.01818680763244629
