scene_id,im_id,obj_id,score,R,t,time
1,0,1,"tensor(0.94423, device='cuda:0')",0.9775565814295487 -0.2034291399185434 0.054769655246090745 0.00873080846567095 -0.22063198116648475 -0.9753180516478138 0.21049204993849457 0.9539067637450495 -0.21390414440617236 ,-166.61930626380837 -183.9148952256565 624.2051183355368 ,0.8407983779907227
3,0,3,"tensor(0.78371, device='cuda:0')",-0.00886516640798013 0.9077396333551788 0.41944030190333914 -0.9461246722132306 0.12816129487256753 -0.2973596931764521 -0.32368119107227367 -0.39947896131435034 0.8576986918570192 ,331.26375321431715 -201.428356145631 646.7482149099651 ,0.8407983779907227
1,0,1,"tensor(0.63399, device='cuda:0')",0.005064784780342335 -0.4420802987649394 0.8969611794269754 0.993733356704816 0.10238396117015694 0.04485019807410632 -0.11166182752985725 0.8911130870652779 0.43982849195303697 ,-469.9249887133838 24.402956089840806 955.2526607623172 ,0.8407983779907227
1,1,1,"tensor(0.96509, device='cuda:0')",0.6742590502452686 0.39392801695587754 0.6246562659731818 -0.718689463163165 0.15543876176435606 0.6777346434109782 0.1698828675899677 -0.905902593438375 0.38791790690948497 ,74.85848494132775 125.40901300832346 480.03424100365623 ,0.33101677894592285
4,1,4,"tensor(0.91647, device='cuda:0')",-0.2931769100268417 0.644390161901667 -0.706263844941433 -0.9560423064220981 -0.19333928153968735 0.22046095015860012 0.005514323007261915 0.7398521754094265 0.6727468697687939 ,122.81940924051585 -157.09837186398798 471.5452682497872 ,0.33101677894592285
1,2,1,"tensor(0.95967, device='cuda:0')",-0.04257690543590983 -0.025136997273645358 0.9987769212850116 0.9941406721729311 0.09834835981702966 0.044854476397040044 -0.09935557888238662 0.9948345246770263 0.02080234255032443 ,-9.895781581742227 9.754885789692999 453.97498319189384 ,0.006891489028930664
1,3,1,"tensor(0.97214, device='cuda:0')",0.7409893459611203 0.4734246895213101 0.4762392807442098 0.28726725662604524 -0.8645085175512711 0.41243489953185275 0.6069697788544804 -0.16880191477869783 -0.7765910127759583 ,62.86279101073339 -58.333940959174626 280.23173042317023 ,0.013224363327026367
4,3,4,"tensor(0.95619, device='cuda:0')",0.30786823896502663 0.4311518666115112 0.8481304235516982 0.4629057916754883 0.710925805131896 -0.529436235660967 -0.8312252254773448 0.5556010866754807 0.019288779514584353 ,-92.67475624145462 90.76567125158032 295.81846331515555 ,0.013224363327026367
1,4,1,"tensor(0.95835, device='cuda:0')",0.7190365958443776 -0.3427359370234161 -0.6045812197787906 -0.6534574065071437 -0.6295872186303542 -0.42025391374531224 -0.23660048968141822 0.6972460194292799 -0.676659586995217 ,181.56431673628276 47.45626409488334 404.5208682802706 ,0.01307225227355957
1,4,1,"tensor(0.89918, device='cuda:0')",0.9439763241576267 -0.3229646844820209 -0.06784181606711347 0.0 0.2055730499158922 -0.9786417736578987 0.33001318069109814 0.9238146641646833 0.19405609200547622 ,-169.86738531503303 37.14807720076327 484.4699488961161 ,0.01307225227355957
1,5,1,"tensor(0.97728, device='cuda:0')",-0.04577485431849711 -0.22669920234205632 0.9728885518750828 0.9989516539219218 -0.009894885297258474 0.04469546253939917 -0.0005058050781712054 0.9739145562637562 0.22691448005535786 ,-80.43935980107707 -30.47558492430164 349.7375761902452 ,0.017981767654418945
1,5,1,"tensor(0.96755, device='cuda:0')",0.5793139791580586 -0.6524950419835711 -0.4885135962682251 0.4546192120593414 0.7560988711925153 -0.4707821884990425 0.6765476225504012 0.050643036720383755 0.7346554275666504 ,224.3475047283777 140.3417598309834 533.4027418768301 ,0.017981767654418945
1,5,1,"tensor(0.95661, device='cuda:0')",0.004595835315023104 -0.4665695133613369 0.8844725928481462 0.9944821048736965 0.09483216058312205 0.04485760141959102 -0.1048056362212411 0.879386007689969 0.4644308647100865 ,-280.0042397632142 9.553429517677536 532.1178114494568 ,0.017981767654418945
1,6,1,"tensor(0.97050, device='cuda:0')",-0.27546353296465753 -0.8870682395840273 -0.3704453810319735 0.7519293527532603 0.04126599108791734 -0.6579508845252776 0.5989341286608172 -0.4597902307583611 0.6556453715420258 ,-128.33793489931338 -105.56161114118407 433.96766653006597 ,0.017483234405517578
1,6,1,"tensor(0.95692, device='cuda:0')",-0.043916005252603155 -0.00980493185638874 0.9989871109248332 0.9908605047564183 0.1272310770341878 0.04480751221141939 -0.12754154067012544 0.9918246399177689 0.004127839080995885 ,-3.919151817925922 30.93713099134836 611.4424254969167 ,0.017483234405517578
1,6,1,"tensor(0.65267, device='cuda:0')",0.09446692921330098 -0.4222297083791379 0.9015531446604116 0.9510413304356949 0.3059668147755447 0.043642823685119674 -0.29427264074003223 0.8532914986205917 0.43046164903939144 ,-1055.275591808681 498.89891943059934 2093.6216600436496 ,0.017483234405517578
1,7,1,"tensor(0.96682, device='cuda:0')",0.9702325764928488 -0.21227935818573737 -0.11655994852563954 0.0 0.48130455969762714 -0.8765534329487695 0.24217503486538067 0.8504606956835362 0.46697736303318493 ,-142.18295623671438 206.8482663856867 530.7484113881868 ,0.018747329711914062
3,7,3,"tensor(0.74096, device='cuda:0')",-0.25269343170142344 0.8632718041665571 0.43692999634492424 -0.8931700110590802 -0.3817591837327442 0.23771255116302006 0.3720125816685245 -0.3301843693555561 0.8675165250953972 ,367.99272778986557 173.68297297507135 709.6993598733959 ,0.018747329711914062
3,7,3,"tensor(0.61696, device='cuda:0')",-0.45228534488017 0.8842408834340016 -0.11643035201562335 0.2822478831331092 0.018071921429830426 -0.9591712767398285 -0.8460343369352714 -0.4666813320882788 -0.2577487827455356 ,174.87239085349952 -94.75145123774662 375.3508132927749 ,0.018747329711914062
1,8,1,"tensor(0.98245, device='cuda:0')",-0.6456124169028474 0.5650331311602044 -0.5137335572377568 0.6207921002652366 0.7801008170398387 0.07784525356149051 0.4447491151077658 -0.2686638716781093 -0.8544108781293621 ,-38.794523423399916 26.336041038452763 341.38894777917176 ,0.3324546813964844
4,8,4,"tensor(0.94620, device='cuda:0')",0.7125601605387297 0.7014526189311762 -0.01490774991787841 0.5617844722856429 -0.5576940225643998 0.6110446660389736 0.42030491825787825 -0.4437810277496471 -0.7914557316096114 ,216.41938841082742 32.11813665659634 468.99340604034177 ,0.3324546813964844
5,8,5,"tensor(0.69893, device='cuda:0')",0.10571736887757648 0.98792245186853 0.11328312765665727 0.9934747841082164 -0.10983491892151692 0.030726925108715886 0.04279826233312812 0.10929556111560934 -0.9930875032250123 ,-355.42006804409425 89.9856265616295 672.2116010783398 ,0.3324546813964844
1,9,1,"tensor(0.96694, device='cuda:0')",-0.07342260804027664 -0.12767338550425997 0.9890948525103366 0.9727034483977013 -0.22807700451453705 0.0427654239648836 0.22012978468118363 0.96523592279067 0.14093435085407402 ,-62.02310698372581 -145.73787541297034 459.50466302442106 ,0.012663602828979492
4,9,4,"tensor(0.93868, device='cuda:0')",-0.23233459354764746 0.7213741800076731 0.6524108590905784 0.42740271248923395 0.6782543321249165 -0.5977440776039763 -0.8736976353395347 0.13996554351711135 -0.46589922583115007 ,-202.89492080934556 65.27356250894721 541.5240763308564 ,0.012663602828979492
1,10,1,"tensor(0.96317, device='cuda:0')",-0.5125872641879408 -0.258279838349063 0.8188686229760572 -0.8584886219856998 0.1365441550781049 -0.4943207254759816 0.015861352824291103 -0.9563719040291743 -0.29172109740331614 ,265.48570335932453 -105.14860953525385 524.6039594559329 ,0.01688361167907715
5,10,5,"tensor(0.93789, device='cuda:0')",-0.17181624209006627 -0.8420855744515489 0.5112446227146583 -0.7848809743234032 -0.19661373032792281 -0.5876264946304621 0.595349506675863 -0.502229953653846 -0.6271555138509607 ,-151.17793192079526 60.09660678037348 453.7455474336315 ,0.01688361167907715
3,10,3,"tensor(0.82529, device='cuda:0')",-0.4203314854667496 -0.9032023515792478 -0.0868732089140978 0.8643734084895343 -0.36945092510884514 -0.34112259472571343 0.2760073423325917 -0.2184754586628332 0.9359959513483829 ,-33.60808777623538 -123.52145414759534 340.3834660472125 ,0.01688361167907715
1,11,1,"tensor(0.96788, device='cuda:0')",-0.013005654206547361 0.1527735532132559 0.988175639447389 0.979661945592827 -0.19595218289107696 0.04318812773782155 0.20023317736063673 0.9686397593836515 -0.1471179500443281 ,87.04372547151486 -146.11916015335743 519.3636482402381 ,0.023325204849243164
1,11,1,"tensor(0.94142, device='cuda:0')",-0.09027812729056682 0.21445473615103333 0.9725528396315024 0.9767848884029818 0.20955765103976148 0.04446203637117371 -0.19427079430650981 0.9539888663045749 -0.22839461781405782 ,214.95024805574565 125.7628103149637 932.1998906495543 ,0.023325204849243164
3,11,3,"tensor(0.76709, device='cuda:0')",-0.8390327308404006 0.5414322185713907 -0.053621164397668855 -0.09213207265465817 -0.23851652001473866 -0.9667582690975113 -0.536223607990973 -0.8062016015693101 0.2500064396375074 ,-74.28597318290454 88.56030000986708 334.8417996429713 ,0.023325204849243164
5,11,5,"tensor(0.50674, device='cuda:0')",0.7587615694983812 0.5405415741697593 -0.3634497038744585 -0.20851620505631122 -0.327048486242729 -0.9217159431599595 -0.6170914623305588 0.7751477886444741 -0.13544014500256002 ,43.463545601491624 -8.657879390983107 411.43843530034763 ,0.023325204849243164
1,12,1,"tensor(0.97096, device='cuda:0')",-0.7752792153528189 -0.6260176105303374 -0.08392907450820793 -0.35647114353460563 0.32397561283751386 0.8763379063544428 -0.5214119888044846 0.7093248575881463 -0.4743287724126671 ,162.15686057360523 79.02391157093724 432.9054834290896 ,0.017479658126831055
1,12,1,"tensor(0.97055, device='cuda:0')",0.82229313630257 -0.3497767565153289 0.4488766184502141 -0.5675905268361707 -0.5608455513735531 0.6027381366317657 0.04092666411425416 -0.7504055490906976 -0.6597094209258858 ,-97.18361769213608 -53.120721931938164 288.3112809657672 ,0.017479658126831055
1,12,1,"tensor(0.94075, device='cuda:0')",0.9986999555379047 -0.05013247126099644 0.009226816019226267 0.0 -0.18100849470975489 -0.9834815325378045 0.05097449174427622 0.9822029628178557 -0.18077317561861525 ,-38.366203620588415 -231.11789234184573 715.2636091290481 ,0.017479658126831055
5,13,5,"tensor(0.93531, device='cuda:0')",-0.4491754601274007 -0.7826567726187745 -0.4309173729304745 -0.6573657949079863 0.6161456163814347 -0.4338603359365007 0.6050715806450748 0.08839092537079621 -0.7912492822162714 ,312.5325914752507 -13.208179319612404 723.1192099305308 ,0.006067514419555664
1,14,1,"tensor(0.95938, device='cuda:0')",-0.15642179828197958 0.3038752841091552 0.9397829710788612 0.9362879838943432 0.3485751684628632 0.04312960869463536 -0.3144789853667451 0.8866539142408758 -0.33903953180128676 ,193.1931707501172 153.4098749822447 535.4559401576971 ,0.011977672576904297
5,14,5,"tensor(0.68475, device='cuda:0')",-0.25173079662586706 -0.7218501768504784 -0.6446424809233714 -0.7925884451935921 -0.2284696925638256 0.5653363212508069 -0.5553693929050383 0.6532487441707973 -0.5146172516186813 ,-85.73652678217283 -43.822774351565144 261.4516470700107 ,0.011977672576904297
4,15,4,"tensor(0.94900, device='cuda:0')",-0.25139250706423427 0.7803830737272854 -0.5725417588542456 -0.3215557760474269 0.4906002363535003 0.8098847393181492 0.9129094644500603 0.38770306463818915 0.1276034615034412 ,197.9873100177662 -52.102861629411386 415.61006286050014 ,0.02493119239807129
5,15,5,"tensor(0.94361, device='cuda:0')",0.6793856365873264 0.5692780391704835 0.46298776540751346 -0.37360228770790826 0.8114152340920242 -0.44947374617746355 -0.6315508589323987 0.13239271883904694 0.7639474331262293 ,143.2027468074898 142.83787072611003 513.3140743442785 ,0.02493119239807129
5,15,5,"tensor(0.94075, device='cuda:0')",-0.9971578874953976 0.04443904421714687 0.060838464434787146 0.02463682803876268 -0.5707849702205064 0.8207298852086259 0.07119813276979131 0.8198961453253956 0.5680678980286186 ,67.52762433242003 21.66134538005972 288.58067822565295 ,0.02493119239807129
3,15,3,"tensor(0.75315, device='cuda:0')",-0.019220786890548236 0.9998138020994727 0.0017095270411215757 0.03813475914390405 0.0024417131612963308 -0.9992696223651926 -0.9990877346341234 -0.01914155605571683 -0.03817459018013547 ,-18.473897817900895 0.5149568383883889 412.531016948398 ,0.02493119239807129
3,16,3,"tensor(0.73046, device='cuda:0')",0.9293928542947381 0.35069967995390977 -0.11505936235745813 -0.21073701006493664 0.24827546034088543 -0.9454888726904257 -0.3030162288966885 0.902977868096858 0.30465084072177273 ,-197.0844145937954 187.69719921835443 486.90953563132507 ,0.01962566375732422
1,16,1,"tensor(0.65186, device='cuda:0')",0.6723607213530013 -0.7400959971259834 0.013746833081413945 -0.7398255129069679 -0.6712741636432584 0.0452681751011243 -0.02427490131007054 -0.04060680070062955 -0.9988802815669381 ,-392.97401277404896 -349.05290841656955 1021.4254505082408 ,0.01962566375732422
1,17,1,"tensor(0.96389, device='cuda:0')",-0.15618234740295084 0.2364429289814381 0.9590108527510951 0.9034230364247442 0.42669525233616423 0.04192825885810676 -0.3992917374762458 0.8729409504476553 -0.2802502549771275 ,176.1916486379402 228.01694891260166 598.840405324908 ,0.022470951080322266
1,17,1,"tensor(0.94327, device='cuda:0')",-0.009935161163026132 -0.19402245730871767 0.980946776656385 0.9834929788496277 0.17535240714697733 0.04464407980064281 -0.18067333263697266 0.965197813594523 0.1890775700769457 ,-112.28067212470422 56.36430390035078 566.0880562906217 ,0.022470951080322266
4,17,4,"tensor(0.91541, device='cuda:0')",-0.6379297004184176 0.13716243319735644 -0.7577810793649107 0.00029682837975578136 0.984054097547489 0.17786917943508415 0.7700945456351325 0.11324310142069549 -0.6277980493467951 ,167.80880061938248 -35.24956116192186 495.3594299068788 ,0.022470951080322266
1,17,1,"tensor(0.59077, device='cuda:0')",-0.0035322332934164744 -0.2179896013405931 0.9759446997834099 0.9819542223359932 0.18378345336690632 0.0446043440154512 -0.18908577039131058 0.958490571667715 0.21340664342897367 ,-238.79351991088708 114.84460578444586 1061.1055119367822 ,0.022470951080322266
3,18,3,"tensor(0.73527, device='cuda:0')",-0.4589862017895818 0.776143305320915 -0.4323577640939251 -0.4354408954741583 -0.6207106820811766 -0.6520041991421401 -0.7744177768591295 -0.11099467895284532 0.6228621742638722 ,17.972296879411704 -135.24485833587008 650.4103943845425 ,0.006165266036987305
3,19,3,"tensor(0.67535, device='cuda:0')",-0.8387788075831553 -0.5415760710655616 -0.05608450051993037 -0.1660709992589923 0.3525759360187848 -0.9209292223323123 0.5185272752271572 -0.7631419059320931 -0.38567330249296794 ,-224.9372930032371 -230.07585026398178 611.6378554639529 ,0.017457962036132812
4,19,4,"tensor(0.59194, device='cuda:0')",-0.34429818028460196 0.6783760463781123 -0.6490490757663191 0.9310953968644166 0.15798805047797895 -0.3287873748246154 -0.1204994812877062 -0.7175275016377902 -0.6860278124120222 ,102.74911189139222 -16.617073163143182 248.26215336990623 ,0.017457962036132812
1,19,1,"tensor(0.53861, device='cuda:0')",0.264523976213896 -0.6923026076595138 -0.6713748322925337 -0.9493294000028006 -0.3094414054076729 -0.05495185992891232 -0.16970785573541594 0.6518919512059969 -0.7390778901134345 ,199.3254290311181 -29.452682451694194 488.0452539073619 ,0.017457962036132812
1,20,1,"tensor(0.94628, device='cuda:0')",0.41492164890471994 -0.4926466102208422 -0.7649440127931598 -0.87897793660547 -0.43420750158419735 -0.1971335398373387 -0.23502725848500805 0.7541638833873727 -0.6131875934517089 ,259.88915127227597 -36.904909557646846 608.0278683032022 ,0.02448868751525879
4,20,4,"tensor(0.89845, device='cuda:0')",-0.10607259774582405 0.45565856793813 0.8838121256647394 0.9943543761517718 0.046082048063445624 0.09558148081139331 0.002824647813986718 0.8889610308167906 -0.45797413360786676 ,-90.49411647059972 -156.2314329666903 459.9997948597672 ,0.02448868751525879
1,20,1,"tensor(0.89539, device='cuda:0')",-0.4236967492802905 0.8424124767103592 0.33289981035145244 0.8719345027583866 0.478870595831993 -0.1020449672791218 -0.24537988415679013 0.24703070969057744 -0.9374244187778392 ,56.055431815797576 155.42548626879122 464.11915495517314 ,0.02448868751525879
1,20,1,"tensor(0.88044, device='cuda:0')",0.06713662328525502 0.8786486008379393 0.47272540661507206 0.9958346481317529 -0.0883056634168978 0.02270381881555303 0.06169300928113041 0.46923208122850363 -0.8809172643056811 ,51.56623652697107 126.56055023133314 458.20094486708854 ,0.02448868751525879
1,21,1,"tensor(0.98517, device='cuda:0')",-0.09520517340122109 0.9805331596203606 0.17172855861083697 -0.9912318420943707 -0.10925850955640626 0.07431025035426343 0.09162647093413598 -0.16314809522156515 0.9823376653929803 ,-126.57878494807173 47.77311846432387 240.97431776779214 ,0.012059211730957031
1,21,1,"tensor(0.96265, device='cuda:0')",0.5491954133357213 0.007910078136376286 0.8356565255144498 -0.8356723987431952 0.012381477321667358 0.5490886458470317 -0.006003328226913435 -0.9998920590159767 0.013410084525851636 ,13.031746445539063 -1.9876989920155523 193.64393027530284 ,0.012059211730957031
1,22,1,"tensor(0.98253, device='cuda:0')",-0.03585870130286183 0.7115584578857594 -0.701711275776663 -0.9825077022229673 -0.1534951392649176 -0.10544125044112726 -0.18273688356053647 0.6856557468827076 0.7046158018049975 ,-38.359873883953526 84.13413952339046 283.365824384053 ,0.017425060272216797
1,22,1,"tensor(0.97497, device='cuda:0')",-0.04085775531754006 0.04320315559860133 0.9982305000232837 0.9956523920529832 -0.08193872924492057 0.04429851971454768 0.08370757450544487 0.9957005232478541 -0.03966749266546553 ,25.63063422135319 -86.62299694572636 540.01008589982 ,0.017425060272216797
3,22,3,"tensor(0.54134, device='cuda:0')",-0.41403818016891564 -0.9075554952429037 -0.07010997373284655 0.8698621088169269 -0.3717969082148548 -0.3242020522551385 0.2681646826242809 -0.1952180373230985 0.9433862522300905 ,-26.571479447576102 -115.91542559189004 338.22915220370476 ,0.017425060272216797
1,23,1,"tensor(0.96038, device='cuda:0')",0.9263720454741667 -0.35651371859827796 -0.1213787535577637 -0.011672095381073928 0.294959801078698 -0.9554383695126704 0.3764287390110159 0.8865081410787173 0.26908125212978634 ,-161.59282241444794 83.67753661545042 348.32071832309805 ,0.017308473587036133
4,23,4,"tensor(0.94465, device='cuda:0')",0.2729724764479208 0.9414974344447566 -0.1976578054007241 -0.7932965207593752 0.3365228950249734 0.5073785285909141 0.5442119598584358 0.018300875879364062 0.838748127085294 ,-29.54623741357135 22.512459591815727 338.2823590549493 ,0.017308473587036133
3,23,3,"tensor(0.77658, device='cuda:0')",0.22275652134649576 -0.4401379811094879 -0.8698609600289419 0.8612715376745425 -0.3291722322049871 0.38711365248065766 -0.45671749538345624 -0.835418577199508 0.3057530544092935 ,110.97968449985252 -70.85905976903037 403.92762691907717 ,0.017308473587036133
1,24,1,"tensor(0.95894, device='cuda:0')",0.1265394167391429 -0.6971398316818649 0.7056796944038413 -0.9895661992580806 -0.1381246894219246 0.04099155349597411 0.06889494391632758 -0.7035038203554249 -0.7073442312255667 ,-334.2412347448041 239.6595500787265 882.3821955877595 ,0.019275426864624023
5,24,5,"tensor(0.92151, device='cuda:0')",-0.17515438937170483 -0.40173028871290695 0.898851330874283 0.8455229511548732 -0.5291013508529235 -0.07171261810842872 0.5043925841585886 0.747438650095281 0.4323466033052243 ,-74.59086561911653 -212.0968983699682 585.363478144157 ,0.019275426864624023
1,24,1,"tensor(0.90463, device='cuda:0')",-0.38438320441865825 0.18077543321331835 -0.9053009416251486 0.3167816913970288 0.9469265445891287 0.0545846054133445 0.8671210481567619 -0.265801357970628 -0.4212490070546024 ,-101.24281248172173 -45.12944972882088 1251.7736912392988 ,0.019275426864624023
4,25,4,"tensor(0.96139, device='cuda:0')",-0.5400004945034106 0.8416503676085569 0.004911684075018485 0.07762884779894186 0.05561555623797132 -0.9954298930079153 -0.8380771014205559 -0.5371513460922553 -0.09536877615759491 ,-24.738513815090055 84.72968739189515 472.8087055140871 ,0.01323390007019043
3,25,3,"tensor(0.67681, device='cuda:0')",0.9942441278295534 0.08844612174375127 -0.06046402091277443 0.052349660921741245 0.09135063394963253 0.9944418407721887 0.09347795075754284 -0.9918832316485089 0.08619470689480074 ,245.8375830079208 -31.634017389668116 569.5976418224701 ,0.01323390007019043
1,26,1,"tensor(0.96688, device='cuda:0')",-0.5582162417864508 0.803626001628122 -0.20634892030977112 -0.45852582943434816 -0.5060761669942169 -0.7305073421547416 -0.6914829651895655 -0.3131647532971087 0.6509832149487476 ,-85.78805284027985 121.33991588084983 241.91620303383937 ,0.01708197593688965
4,26,4,"tensor(0.90791, device='cuda:0')",0.4667818947334073 -0.8151936297629112 -0.3428906658733362 -0.2573430911449352 0.2457402052199786 -0.9345513816684519 0.8461023556219778 0.5244722085415132 -0.09507736996008946 ,111.82023097146043 169.6665897114437 571.0036028062409 ,0.01708197593688965
1,26,1,"tensor(0.65134, device='cuda:0')",-0.573776251987777 0.7386319604951064 -0.35384126326647464 0.8144799759274199 0.5599883675207054 -0.15177416464855067 0.08604174259119113 -0.375281034928027 -0.9229089680760612 ,-321.06447393011297 180.16718826103445 673.4557997071614 ,0.01708197593688965
1,27,1,"tensor(0.98131, device='cuda:0')",0.5663852175585236 0.009733222113063655 -0.824083157040891 0.8157725147885831 0.1355111146881818 0.562273902925858 0.11714516399192368 -0.9907280162503049 0.06881139709409406 ,227.03776153302354 -79.7533819807362 547.7101242972401 ,0.011269092559814453
1,27,1,"tensor(0.96990, device='cuda:0')",-0.026821951008410304 -0.20094508538716066 0.9792352401761535 0.9953041926438919 0.08577219193389195 0.04486307163297851 -0.09300616672883898 0.9758402552414006 0.1977009084470911 ,-87.96253743148843 3.8498382205031207 434.78012312442394 ,0.011269092559814453
4,28,4,"tensor(0.90259, device='cuda:0')",-0.982906637517046 -0.001739015415227231 -0.18409649032591502 0.18301380651402177 -0.11792462840395201 -0.9760121559904046 -0.020012210027438793 -0.9930210258807088 0.1162271638157029 ,-12.513167787961649 15.973068939049128 255.08016420892923 ,0.016414403915405273
4,28,4,"tensor(0.68947, device='cuda:0')",-0.1991718575930157 -0.9390872750312224 -0.28008152566240524 0.7537637191562964 0.03583473830193242 -0.6561677584387241 0.6262354404108851 -0.34180544379115013 0.7007126456459305 ,-214.77618779333397 81.26730355384295 531.1495669982768 ,0.016414403915405273
3,28,3,"tensor(0.55718, device='cuda:0')",-0.8770073700139991 0.4745413468617745 0.07528999309165556 0.023639058511247164 0.19912368683664272 -0.9796892120735454 -0.4798950592096467 -0.8574148747597021 -0.18585065156456673 ,-201.60760924534006 -68.65370194649606 492.90293421470653 ,0.016414403915405273
1,29,1,"tensor(0.94996, device='cuda:0')",-0.5535913781450368 -0.5827202808104025 0.5949568558943785 -0.26357003914948474 0.8002871576579565 0.5385826768013318 -0.7899793797981172 0.14134192449515642 -0.5966196777460391 ,223.45633931980507 -108.07474258826937 842.1056613084718 ,0.016999006271362305
5,29,5,"tensor(0.90058, device='cuda:0')",-0.6424022789271325 0.20524000051527547 0.7383737903106502 -0.6738609084215417 -0.6101597204845299 -0.4166732432008742 0.3650079288598004 -0.7652330740935928 0.5302712081404656 ,95.66612853943442 -122.15395745290718 392.44888754587237 ,0.016999006271362305
3,29,3,"tensor(0.77764, device='cuda:0')",-0.38669693620216755 0.9219957427554287 0.019731443756656617 -0.0601093974251031 -0.0038487172885141355 -0.9981843756122534 -0.9202458040507698 -0.3871808850086719 0.05690889570931592 ,92.76921481156553 26.642296375499733 266.23271101458147 ,0.016999006271362305
1,30,1,"tensor(0.98396, device='cuda:0')",-0.7652687687967877 -0.6428035935106476 -0.03416506511111511 -0.5861245318501672 0.6738833221323417 0.4498214104678664 -0.2661235515088266 0.36425925976106144 -0.8924648155589398 ,-79.81648387952973 -20.839052552149774 276.63188863659764 ,0.012603282928466797
3,30,3,"tensor(0.53711, device='cuda:0')",0.2932953514612347 0.5978853751696447 0.7459965917948178 -0.2734572210315994 -0.695244934580369 0.6647222195819947 0.9160780452979461 -0.39895809190764847 -0.04041603425006615 ,198.17574834560529 -169.26501268004753 595.3886860013342 ,0.012603282928466797
1,31,1,"tensor(0.96554, device='cuda:0')",-0.8011677349006033 0.5685755122592766 0.18668729847886734 0.5869871957354063 0.685880758635323 0.4301320924745299 0.11651734890959584 0.4541910080494051 -0.883252079312664 ,65.41330071828867 -31.84675860843764 610.5203612859765 ,0.011867523193359375
5,31,5,"tensor(0.65815, device='cuda:0')",0.9815982400566716 -0.19050061598238352 0.013206454027376675 -0.0630685711729187 -0.38869910681531933 -0.9192036551772297 0.1802421994091596 0.9014557779898609 -0.3935609608190875 ,-12.045875743390333 -97.78528471707664 345.3998650972528 ,0.011867523193359375
1,32,1,"tensor(0.98436, device='cuda:0')",-0.22555288851061492 0.44689848138381105 0.8656833380753967 -0.6954651793245856 -0.6961224603107851 0.17816201783175156 0.6822419503603835 -0.5618676602080805 0.4678147641756906 ,-12.018487304301042 98.8437718168453 315.41821775097736 ,0.018375635147094727
4,32,4,"tensor(0.95043, device='cuda:0')",0.6589365399670812 0.707164847838595 -0.25636012614606873 -0.6099303181517562 0.7017755538682603 0.3680979203855874 0.44021317937507143 -0.086191356726261 0.8937468359273657 ,113.14563861901557 -166.499014614598 441.15029084440823 ,0.018375635147094727
3,32,3,"tensor(0.62053, device='cuda:0')",0.3422981143592645 0.8950647018916249 -0.28581669008955424 -0.28479612820684 -0.19104637211103592 -0.9393574660700817 -0.8953899520680836 0.4029397760594851 0.18951614866455835 ,-253.94773019496486 140.45586269286215 523.5283619157658 ,0.018375635147094727
1,33,1,"tensor(0.96280, device='cuda:0')",0.17355705252172884 0.9667210975579633 0.1879581577274487 0.7081906252063717 -0.2551367713183078 0.6583094001235875 0.6843566233257176 0.01885596610084256 -0.7289036044996797 ,268.05456460415786 -248.26634703834492 687.3947923185303 ,0.017221927642822266
1,33,1,"tensor(0.96116, device='cuda:0')",-0.6350078519237443 0.1629185209768687 -0.7551308386749291 0.4816940086143816 -0.6806959318412698 -0.551927468459175 -0.6039336967417865 -0.7142202768736372 0.3537703860448821 ,-116.41519747676683 135.8269591333594 363.56910298624723 ,0.017221927642822266
1,33,1,"tensor(0.88056, device='cuda:0')",-0.025252114381375496 -0.09231222875983439 0.9954098568633233 0.9762115107723196 0.21221611286520015 0.04444555856336858 -0.2153448791007 0.9728529045347896 0.08475735474475499 ,-133.73313073269742 199.73764510670486 1450.7396593556193 ,0.017221927642822266
1,34,1,"tensor(0.95546, device='cuda:0')",-0.5907104827312002 0.31026031079244953 -0.7448487531965434 -0.4253727939390241 -0.9041655811992386 -0.03927579345031382 -0.6856523257219953 0.2936377723005265 0.6660763821893126 ,466.53431470307174 -288.57540243276844 873.2621805600191 ,0.01668262481689453
4,34,4,"tensor(0.77940, device='cuda:0')",-0.7508536295679487 0.5136630757248114 -0.4151735439566987 -0.06934871142750473 0.5638146131580007 0.8229847132315636 0.6568177701524089 0.6467328093010443 -0.3877203762837292 ,210.63992050811743 11.502034744760882 495.3594299068788 ,0.01668262481689453
5,34,5,"tensor(0.61072, device='cuda:0')",0.9461519292872319 0.32132201970512875 -0.03935335257212008 -0.2775449214726269 0.7425974180200334 -0.6095226749799656 -0.16662935897014683 0.5876233780259227 0.7917912744698574 ,-118.22537663147388 135.43000300891265 478.1343505992568 ,0.01668262481689453
4,35,4,"tensor(0.90041, device='cuda:0')",-0.3161213846957186 -0.10716636636050958 0.9426466146224396 0.47409909839907277 -0.8784844446227552 0.059119586035724356 0.8217647565059284 0.46559687550168777 0.328515196738017 ,-255.7075522755965 -116.8285577399089 587.4811934897041 ,0.018280506134033203
1,35,1,"tensor(0.73303, device='cuda:0')",0.7554444385523037 -0.5903691587800455 -0.2841970383760818 -0.6143684085261641 -0.48750165601088413 -0.6203979319692112 0.2277172783638144 0.6432778495704535 -0.7309845753410875 ,10.894134897229018 380.4509432503199 992.7415468211708 ,0.018280506134033203
1,35,1,"tensor(0.72683, device='cuda:0')",-0.07166034218812065 -0.16769581960061206 0.9832308515531641 0.9852121766781479 -0.16571399052779423 0.043541247897364126 0.15563342276833425 0.9718111881594247 0.17709108471512577 ,-184.7275026488412 -263.61751504987524 1061.1055119367822 ,0.018280506134033203
4,36,4,"tensor(0.76834, device='cuda:0')",-0.24106924086929676 0.22838424885470188 -0.9432530180083044 0.9204287718447157 0.36197689999452426 -0.1475926821721934 0.30772795951477805 -0.9037772727533194 -0.2974729301759125 ,-217.4040126018288 -218.3523165119933 616.0840844851898 ,0.011464834213256836
3,36,3,"tensor(0.56259, device='cuda:0')",0.48072368869434035 -0.06985236989433596 0.8740854543740284 -0.7843548733750368 -0.4799180923466443 0.39302170073825154 0.3920359265946641 -0.874528027600318 -0.285497042367448 ,205.93903719553384 -2.5804386977058855 626.764044731447 ,0.011464834213256836
1,37,1,"tensor(0.98500, device='cuda:0')",0.6606641490473147 0.7017572006890919 0.26657027862197474 -0.7484415413103591 0.5883509428767532 0.30606931773212687 0.057949472858359885 -0.40172129554835034 0.9139266159262422 ,-126.0815251828104 -111.72403991830471 332.812724807372 ,0.012526273727416992
1,37,1,"tensor(0.95386, device='cuda:0')",-0.46759198267452573 0.8603809147158092 0.20273731607993004 0.30012258642762846 0.37025855197255125 -0.8791103672504266 -0.8314350069936294 -0.3502189119450533 -0.4313496758565217 ,384.557388900307 -81.1463314816871 1047.2683488217924 ,0.012526273727416992
1,38,1,"tensor(0.96931, device='cuda:0')",-0.4980050186239978 -0.17614313761037576 0.8490963411168863 -0.8661474200531335 0.14866995607489214 -0.4771644275257643 -0.04218587631675222 -0.9730728848516241 -0.22660430844519655 ,70.48119594573376 -39.094588348436574 267.6390289652214 ,0.02267765998840332
5,38,5,"tensor(0.94662, device='cuda:0')",0.8755298105392767 0.3145977287081489 0.36670944894934515 0.4692881213106474 -0.734289752211395 -0.49049691027982184 0.11496177649019519 0.6015370552916939 -0.7905295447086187 ,-2.750649874376366 50.16788948880117 540.3245549238779 ,0.02267765998840332
4,38,4,"tensor(0.83086, device='cuda:0')",0.022177471607607857 -0.9043888488155389 -0.42613257314032893 0.3432048405769399 0.40722190847820333 -0.8463927898203806 0.9389987205303587 -0.12747990976414225 0.31942178299057056 ,-236.5021198670111 -105.61179398998841 610.4596393427481 ,0.02267765998840332
3,38,3,"tensor(0.57355, device='cuda:0')",0.4621034871831744 0.48587592142971603 -0.741879340666644 -0.7587826049224664 -0.21638709685604438 -0.6143497235136427 -0.45903085473661376 0.8468182882348713 0.26868096529292207 ,151.39325349475453 119.85184181121703 692.2345115560339 ,0.02267765998840332
4,39,4,"tensor(0.96594, device='cuda:0')",0.7997792175166046 0.5909930172781462 -0.10526374854146253 -0.48764603062729317 0.7418921290257323 0.4602145344327051 0.35007792281429667 -0.31673857109316367 0.8815453054380633 ,100.01891879505416 -36.050126540784035 263.4262562764581 ,0.01134490966796875
3,39,3,"tensor(0.82495, device='cuda:0')",-0.9982168873904527 -0.028229036960759735 0.052594364724602966 -0.04864462543918728 -0.12593385172898047 -0.9908452782370135 0.034594018910754976 -0.9916369226995188 0.12433610656052854 ,122.21481331527596 39.0052645887241 286.27784737681736 ,0.01134490966796875
4,40,4,"tensor(0.96082, device='cuda:0')",0.16522530845270741 -0.9745428020831872 0.15154842247465872 0.7708729993243946 0.031761714306136696 -0.6361965202804452 0.6151873018514925 0.22194035327579642 0.7564965718550846 ,91.1197094462953 126.24626758832096 436.97836268057637 ,0.017677783966064453
1,40,1,"tensor(0.95849, device='cuda:0')",-0.11781865445753413 -0.8361378990212941 0.5357165094357952 -0.8726374166311607 -0.1702976297614654 -0.4577146014635328 0.473943777000089 -0.5214135893107151 -0.7095809785535453 ,-231.49303352932404 166.98310443300173 522.5981062545633 ,0.017677783966064453
3,40,3,"tensor(0.69461, device='cuda:0')",0.7796444492563058 -0.5766175046495936 -0.2442678572295327 0.6184035406338423 0.7703701768867719 0.15526381257386246 0.09864884021294512 -0.27210667741736816 0.9571971387491298 ,-34.873911434240796 -77.42208676033859 257.2753413650983 ,0.017677783966064453
5,41,5,"tensor(0.95237, device='cuda:0')",0.08862152626268804 0.7767781896203997 0.6235077138359445 -0.05174035072810945 0.6287155534961646 -0.7759121657111349 -0.9947206447990331 0.03650201257555502 0.0959085079048261 ,85.40039650534447 -86.00107124387982 257.7933566555348 ,0.012389183044433594
3,41,3,"tensor(0.53863, device='cuda:0')",-0.9052639715013483 -0.42384806208645165 0.029154110639249272 -0.14609523940582622 0.2461267455802349 -0.9581637679087207 0.3989402498176394 -0.8716504146592496 -0.284731859298881 ,-43.65296404466437 -99.383371881227 414.5885364071557 ,0.012389183044433594
1,42,1,"tensor(0.97033, device='cuda:0')",0.2138908511553666 0.7643596596009402 -0.6082803749643478 -0.3394976280065557 0.6420408205599988 0.6874044990488248 0.9159650999737683 0.05948021107375276 0.3968249489644856 ,-116.68716586728532 -89.86555657652337 262.6543811788122 ,0.018754959106445312
5,42,5,"tensor(0.89237, device='cuda:0')",0.03529424703428768 -0.49013342373235097 0.8709325709070055 0.9990434920447386 0.03981511396672362 -0.018079206367287978 -0.025815056252831488 0.8707376089501477 0.49106985168145123 ,160.83236742910984 29.45863907261316 368.3444930363703 ,0.018754959106445312
1,42,1,"tensor(0.80130, device='cuda:0')",-0.04880515598205276 -0.23024860520663154 0.9719072160190849 0.9988058389745575 -0.009082569942250686 0.04800419724955238 -0.002225484193901974 0.9730894546359264 0.23041692753888074 ,-222.85989950115086 -37.8857048993726 734.1684242214071 ,0.018754959106445312
1,43,1,"tensor(0.96843, device='cuda:0')",-0.08774393272174204 -0.4328861865131103 0.8971680733266532 0.9929636548196479 -0.10990911161349567 0.04408137238720153 0.07952472871836402 0.8947231620509603 0.43948410757591877 ,-310.313725948648 -120.40472918386698 635.8096227730888 ,0.017273664474487305
1,43,1,"tensor(0.96355, device='cuda:0')",-0.9570830519545963 0.020174151272177088 -0.2891107664576381 0.25102524264202936 -0.44084726279941455 -0.861765640089447 -0.14483908042301963 -0.8973553891868656 0.41686322250769836 ,114.55120838743184 238.2562583617971 683.9521286807968 ,0.017273664474487305
1,43,1,"tensor(0.75164, device='cuda:0')",-0.36757987266638625 -0.9108168010089644 -0.18787706674940344 -0.684320170172991 0.12810085453860828 0.7178412608375802 -0.6297546680295205 0.3924320655429101 -0.6703776040626308 ,255.8389493215346 -36.18764891217738 676.1914434910683 ,0.017273664474487305
4,44,4,"tensor(0.94066, device='cuda:0')",0.779130571036226 0.5469567259534834 0.3062578867735666 -0.5191716877348567 0.8368269360400434 -0.17372805695216254 -0.3513065782636373 -0.023643583740190786 0.9359618950665757 ,-26.897909952606685 87.22295979091632 256.3665225037794 ,0.016047000885009766
5,44,5,"tensor(0.89138, device='cuda:0')",0.8535476931524033 -0.4025775462347839 0.33073804556142516 0.5101144001261205 0.5165514628056518 -0.687719335962942 0.10601714152993963 0.7557154924579235 0.6462619129740658 ,219.72299181164263 -111.88594318220757 620.5566539038297 ,0.016047000885009766
1,44,1,"tensor(0.70344, device='cuda:0')",-0.4808137456751058 -0.3645595576077921 0.7974424561852006 0.8300679747655915 0.10376638909500596 0.547923072851229 -0.28249831723113683 0.9253803895971617 0.2527169074489896 ,-217.2211052192481 57.21508224314134 548.4070363523485 ,0.016047000885009766
1,45,1,"tensor(0.95760, device='cuda:0')",-0.04613170556133457 -0.02904424285288775 0.9985130433294823 0.9974725685831207 -0.055414223969616316 0.04447177426229586 0.05404017640787023 0.998040928889666 0.03152718818509809 ,-10.642434326466372 -54.827574670813966 411.4731550253123 ,0.005610227584838867
5,46,5,"tensor(0.76072, device='cuda:0')",0.3606849037791696 -0.6942084702627238 0.6228812085793728 0.1939800667446333 0.709065715668367 0.6779362393097557 -0.9122927895645997 -0.12369482882964675 0.3904119048252059 ,-40.50578572947572 -19.8737783654985 100.50664291885505 ,0.011281490325927734
3,46,3,"tensor(0.75395, device='cuda:0')",0.25565620274737133 -0.966698528897866 -0.011569797902154493 0.13111438522442329 0.04652689986985813 -0.9902748434529284 0.9578355411990186 0.25165293921431153 0.13864297386013313 ,-21.040752294107165 45.36074552701861 248.02121952090874 ,0.011281490325927734
1,47,1,"tensor(0.96457, device='cuda:0')",-0.06551040937001519 -0.0760488531030792 0.9949497264715836 0.9599200768152927 -0.2771055350446646 0.04202342887643231 0.2725102427269394 0.9578251898907839 0.09115411795189578 ,-46.629006172475826 -215.4997956992531 576.3569034299106 ,0.017604351043701172
4,47,4,"tensor(0.93992, device='cuda:0')",-0.25981332812529745 -0.962828210567874 0.07388417599947955 0.5963098403468147 -0.22014949305878725 -0.7719771855511761 0.7595469760548144 -0.15651210062044585 0.6313417090018388 ,216.09904815784972 48.08006081080579 584.932788222571 ,0.017604351043701172
4,47,4,"tensor(0.93434, device='cuda:0')",0.24119508690448926 0.8766185973242316 -0.41637094624677184 0.48379665408892686 0.26331418095545556 0.8346295223631358 0.8412881358639825 -0.40274741083345766 -0.3605950575388562 ,42.49318882711068 -39.39473552544374 550.2099444946984 ,0.017604351043701172
1,48,1,"tensor(0.96530, device='cuda:0')",0.9274353718241275 -0.20227510765733012 -0.3145606649148269 -0.34148912408098037 -0.11510883095413914 -0.9328103425513549 0.1524756020609439 0.9725403528176025 -0.17583075077348034 ,-122.46802198649787 -112.44452368982067 463.9674252480222 ,0.017879962921142578
4,48,4,"tensor(0.94174, device='cuda:0')",0.17413890488143424 0.8118371463709976 -0.5573114834443037 -0.9787954475959817 0.08070701818947568 -0.1882706800867981 -0.10786618363545006 0.5782791929398458 0.8086767348210063 ,24.484102003568026 60.30610746735837 303.2254882761311 ,0.017879962921142578
5,48,5,"tensor(0.80170, device='cuda:0')",0.030118749142841548 -0.8574258999062995 0.513725303172759 0.9925924308360277 -0.03486344076802568 -0.11638215818947487 0.11769930839684732 0.5134251324854354 0.8500244150230138 ,-70.15348681958721 -28.312478901361015 644.6167093706279 ,0.017879962921142578
1,49,1,"tensor(0.95869, device='cuda:0')",0.2963379880573103 -0.8353902024675384 -0.4629330474867728 0.528276823859091 0.5471768491555454 -0.6492465580359748 0.7956804598628121 -0.05216038122420752 0.6034665694328468 ,85.4007426175923 -33.242486364371885 616.3900990307661 ,0.017130374908447266
4,49,4,"tensor(0.78354, device='cuda:0')",-0.6893316390666113 0.05808822299640677 -0.7221133219452875 -0.1476063767385104 -0.9871323496824204 0.061498632152207314 -0.7092490739703985 0.14898148394878907 0.6890357527099364 ,164.01727666402576 29.298004693911953 639.7409176916026 ,0.017130374908447266
3,49,3,"tensor(0.74423, device='cuda:0')",-0.9888359527808555 0.012216871349034597 0.14850658753879986 -0.13321568016093 0.3740475727981364 -0.9177919131497531 -0.06676107434155687 -0.92732904696136 -0.36824420920701134 ,-169.20093704825763 -143.10442411775003 394.39931694386223 ,0.017130374908447266
4,50,4,"tensor(0.91535, device='cuda:0')",-0.22841929920686244 -0.5817330268823009 0.7806480059439094 -0.07119035927719673 0.809680352663597 0.582537259972731 -0.9709565162744568 0.077488140672683 -0.22636040192414625 ,-296.74525855188807 -20.71387372390888 568.6091066229341 ,0.025633811950683594
5,50,5,"tensor(0.90564, device='cuda:0')",-0.9615006780272642 0.07270416931520138 0.2650104713351869 0.08393112620866139 -0.8405916290446795 0.535127348612793 0.2616715731722824 0.5367679358383829 0.8021272784598119 ,164.59090362478054 -123.6925781489757 366.99808915657036 ,0.025633811950683594
