scene_id,im_id,obj_id,score,R,t,time
1,0,1,"tensor(0.94423, device='cuda:0')",0.9775565814295487 -0.2034291399185434 0.054769655246090745 0.00873080846567095 -0.22063198116648475 -0.9753180516478138 0.21049204993849457 0.9539067637450495 -0.21390414440617236 ,-166.61930626380837 -183.9148952256565 624.2051183355368 ,0.8191494941711426
3,0,3,"tensor(0.78371, device='cuda:0')",-0.844914753432183 0.22824887866628488 0.4837576963937804 -0.40767999510146896 -0.8602761648078762 -0.3061403956643397 0.346289013725096 -0.4558808722144808 0.8199125254088173 ,331.26375321431715 -201.428356145631 646.7482149099651 ,0.8191494941711426
1,0,1,"tensor(0.63399, device='cuda:0')",0.005064784780342335 -0.4420802987649394 0.8969611794269754 0.993733356704816 0.10238396117015694 0.04485019807410632 -0.11166182752985725 0.8911130870652779 0.43982849195303697 ,-469.9249887133838 24.402956089840806 955.2526607623172 ,0.8191494941711426
1,1,1,"tensor(0.96509, device='cuda:0')",-0.6357643089767131 0.7385651773695624 0.22433283800734408 0.7702768661274351 0.6257961554615479 0.12268953222848106 -0.04977241143705732 0.2508000211056871 -0.9667585305923745 ,80.77865583541345 132.6727436459965 501.0990438339707 ,0.36597561836242676
4,1,4,"tensor(0.91647, device='cuda:0')",0.26558044917582013 0.6217296532217099 0.7368305526512742 0.9602668437717758 -0.23857588317499812 -0.1448072398737768 0.08575904481838352 0.7460119209986406 -0.660387461994666 ,120.97689353327463 -154.53227228154648 465.8174530171098 ,0.36597561836242676
1,2,1,"tensor(0.95967, device='cuda:0')",-0.2446882030749965 -0.10296949385496683 -0.964118751301509 -0.49691131003537314 0.8671544885463733 0.033499894817847715 0.83259043546924 0.4872785408050816 -0.2633491796759807 ,101.43170673469965 7.221773490009893 496.49127791054406 ,0.008958101272583008
1,3,1,"tensor(0.97214, device='cuda:0')",0.494943656604555 0.19100936800677004 0.8476710435779711 -0.7728706241649294 -0.34906936877322237 0.5299260081248857 0.3971168280113859 -0.9174235647278296 -0.025144140316521513 ,61.98267096806964 -61.89971193856603 281.6339338609491 ,0.018632888793945312
4,3,4,"tensor(0.95619, device='cuda:0')",0.30786823896502663 0.4311518666115112 0.8481304235516982 0.4629057916754883 0.710925805131896 -0.529436235660967 -0.8312252254773448 0.5556010866754807 0.019288779514584353 ,-92.67475624145462 90.76567125158032 295.81846331515555 ,0.018632888793945312
1,4,1,"tensor(0.95835, device='cuda:0')",0.7179142033982366 -0.38434566088743394 -0.5804115863041304 -0.6539001301958112 -0.6583110337528686 -0.37288229050081045 -0.2387756610062602 0.6472287043976274 -0.7239345190794485 ,168.96818035240855 42.147700724656254 378.64294963807487 ,0.017506837844848633
1,4,1,"tensor(0.89918, device='cuda:0')",0.9561855921567504 -0.28883345626323664 -0.0477948521796801 -0.005728613921329212 0.14476499441837645 -0.9894494829821215 0.29270513547661725 0.9463711380500149 0.13676758655300875 ,-169.62023412038477 39.513806758794246 483.76653628644164 ,0.017506837844848633
1,5,1,"tensor(0.97728, device='cuda:0')",-0.4719243546649563 -0.16708578322364817 -0.8656614491350556 0.8802656285827393 -0.03451385749432795 -0.4732242774591093 0.04919173314591954 -0.985338081414395 0.16336780192161296 ,16.180406997308683 -8.341340540103939 304.64476976044295 ,0.023685455322265625
1,5,1,"tensor(0.96755, device='cuda:0')",-0.1979765759943462 -0.6864078571820468 -0.6997496187611008 -0.38130762487825787 0.7115813535362107 -0.590132588923266 0.903000426670584 0.14998743580155438 -0.40260898963438196 ,217.51836817423035 145.14203784844887 519.3853668560711 ,0.023685455322265625
1,5,1,"tensor(0.95661, device='cuda:0')",-0.9523433057265596 0.2994968959798575 -0.05782592270114709 0.09706663187566597 0.47728159146004645 0.8733729738374547 0.2891717431114642 0.8261379374848947 -0.48360708352347537 ,-240.3923463225531 -30.2697499001248 594.398384755182 ,0.023685455322265625
1,6,1,"tensor(0.97050, device='cuda:0')",-0.3339089992421096 -0.8992624567494126 -0.2825452425827476 0.6968765435612028 -0.033669639944051734 -0.7164003338778039 0.6347187276733876 -0.4361116705925774 0.6379175083924468 ,-133.4477399181761 -109.85873949170897 455.4330613385716 ,0.026189327239990234
1,6,1,"tensor(0.95692, device='cuda:0')",0.025291373323581376 -0.9996475900577435 0.008064869940233957 0.08994717748010765 -0.005759186946634839 -0.9959298855989189 0.9956253570991296 0.025913846828662157 0.08976982145337811 ,58.75485028557206 84.60173025426172 648.5032894918387 ,0.026189327239990234
1,6,1,"tensor(0.65267, device='cuda:0')",0.9079051865132285 -0.38792603990871005 -0.15881297133145522 0.0 0.3788698017086025 -0.9254499842526791 0.4191755864818224 0.840220840561593 0.34397785798447866 ,-978.4661166819865 540.8406598199421 2049.116834410652 ,0.026189327239990234
1,7,1,"tensor(0.96682, device='cuda:0')",0.8462497914640348 0.4491938807745718 0.28650680257501293 0.3148364316033368 -0.8554291595260537 0.4112407742039048 0.4298131126226318 -0.25780964005876406 -0.8653293463822983 ,-162.50130490873585 135.12659772848923 595.1899869692852 ,0.025693416595458984
3,7,3,"tensor(0.74096, device='cuda:0')",0.6487542265396935 0.6334755762547053 0.42169497013321516 -0.7596669140105383 0.5718567170311605 0.3096547673523674 -0.044990369020376036 -0.5212375557028796 0.8522248982635382 ,367.99272778986557 173.68297297507135 709.6993598733959 ,0.025693416595458984
3,7,3,"tensor(0.61696, device='cuda:0')",0.9113106221187264 0.10044728670390518 0.3992784649932969 0.0 0.9697827308824548 -0.2439701926100157 -0.41171950404805935 0.2223326280058589 0.8837733038004872 ,179.59996994466582 -96.98577044557446 385.51892062402214 ,0.025693416595458984
1,8,1,"tensor(0.98245, device='cuda:0')",0.6796478052956676 -0.006630296912464466 -0.7335086229347514 0.22738508873395893 0.9526072853260263 0.20207766171754027 0.6974058231605414 -0.30413056259874904 0.6489450814322706 ,-30.787008042552763 17.323192361247003 232.53532037561473 ,0.3421626091003418
4,8,4,"tensor(0.94620, device='cuda:0')",-0.553117231195026 0.8032276341242511 -0.2211033612008333 -0.5968094790117876 -0.5672000780947988 -0.5675407625633007 -0.5812742677229285 -0.18195999337330204 0.7931020025789627 ,221.93964325277824 32.94105980719433 481.7022156694388 ,0.3421626091003418
5,8,5,"tensor(0.69893, device='cuda:0')",0.014454808613036052 -0.7453300702201182 -0.6665389297960278 0.9724903114052795 0.16547837850296332 -0.16394968884048655 0.23249441440779342 -0.645832790026725 0.7272182303789374 ,-343.15138502592725 87.6473439163125 649.7265961649456 ,0.3421626091003418
1,9,1,"tensor(0.96694, device='cuda:0')",0.34210777033452894 -0.6199507528603551 0.7061326628223737 -0.8861783756276838 -0.4627707589553285 0.023045850511296012 0.31249025592267177 -0.6336436606514645 -0.7077044236611743 ,-46.83028980405839 -163.77273903796484 518.0432841541618 ,0.018184423446655273
4,9,4,"tensor(0.93868, device='cuda:0')",-0.07059063238775279 0.6836774717347148 0.7263622218022668 0.633901635140147 0.5929813570336204 -0.4965297847835659 -0.770185483884074 0.4253918485972603 -0.4752431962282682 ,-201.2870940195083 63.750677087390265 537.2332594118424 ,0.018184423446655273
1,10,1,"tensor(0.96317, device='cuda:0')",-0.19033025856186855 -0.9666107389506368 -0.1715752663441804 -0.9781758877558053 0.20156174654068032 -0.050445960637226256 0.08334461763613941 0.1582293957416721 -0.9838786170226037 ,307.9715661639684 -119.94964330973129 573.2154071034239 ,0.022922039031982422
5,10,5,"tensor(0.93789, device='cuda:0')",0.30958724195842835 -0.6263752743325847 0.7154088029381193 -0.13333738434130774 0.7163408151280756 0.6848919466008215 -0.9414759059867607 -0.3074245473062024 0.1382507365621774 ,-32.429985577199886 13.14997241751913 97.74117361363783 ,0.022922039031982422
3,10,3,"tensor(0.82529, device='cuda:0')",-0.5507078890943519 0.8344854897961038 -0.018835822493310825 -0.7895951871755663 -0.5281352209400166 -0.3124301982712656 -0.27066632830558257 -0.15718510019208703 0.9497539591911045 ,-33.60808777623538 -123.52145414759534 340.3834660472125 ,0.022922039031982422
1,11,1,"tensor(0.96788, device='cuda:0')",0.5468734904458334 -0.6200539093720387 -0.5625500288152536 -0.7522510248297493 -0.6588570115856098 -0.005082708635329836 -0.3674884774930814 0.42595843430660146 -0.8267476224053418 ,88.6958091534786 -89.9590467310134 317.6733841289063 ,0.030871868133544922
1,11,1,"tensor(0.94142, device='cuda:0')",0.4875971077252061 -0.6758555302968436 -0.5526919238646302 -0.8728791274000428 -0.39056766482759897 -0.2924703884848109 -0.01819586456735603 0.6250409597444705 -0.7803798492749272 ,151.49501741475248 70.11673752987708 526.1608986376563 ,0.030871868133544922
3,11,3,"tensor(0.76709, device='cuda:0')",-0.6173562407627595 0.7753316538791926 -0.13316192580550007 -0.7733483367211152 -0.5670987679417393 0.28342783471219946 0.14423460778175967 0.27795649640171627 0.9497034084524099 ,-78.74607677544327 93.82746996676994 354.84967993669795 ,0.030871868133544922
5,11,5,"tensor(0.50674, device='cuda:0')",0.9485745423252994 0.14267536979717255 0.28257755838988513 -0.3029678485724361 0.1504750363304454 0.9410460914178119 0.09174323072433364 -0.9782642803938981 0.18596283855026113 ,49.44170158836942 -10.31197195143195 457.83439625558356 ,0.030871868133544922
1,12,1,"tensor(0.97096, device='cuda:0')",0.21501932968174456 0.9758528579404345 0.0384433025727442 0.816661686180497 -0.20125127599072778 0.5408896507023694 0.5355654751643729 -0.08490655782441209 -0.8402145548908142 ,148.27379686972603 73.82006074498975 399.7575399527813 ,0.02360987663269043
1,12,1,"tensor(0.97055, device='cuda:0')",-0.7931584144972306 0.2851665724873697 0.5381261519830135 0.5826206658246107 0.6126047434082994 0.5341054091728887 -0.17734962437605278 0.7371536164799417 -0.6520365453287228 ,-65.99595264649594 -26.71822654138594 200.22001151564055 ,0.02360987663269043
1,12,1,"tensor(0.94075, device='cuda:0')",0.9986999555379047 -0.05013247126099644 0.009226816019226267 0.0 -0.18100849470975489 -0.9834815325378045 0.05097449174427622 0.9822029628178557 -0.18077317561861525 ,-38.366203620588415 -231.11789234184573 715.2636091290481 ,0.02360987663269043
5,13,5,"tensor(0.93531, device='cuda:0')",-0.493629691472517 -0.8371677232139086 -0.235541781655799 -0.6444826248538074 0.5339898840968113 -0.5472631450626114 0.583927969837286 -0.11834275174726433 -0.8031333134359393 ,314.3653280128651 -13.293174517809131 728.1235848333972 ,0.009631633758544922
1,14,1,"tensor(0.95938, device='cuda:0')",0.9175730256958899 0.34897996383176166 0.19045400326396927 0.0 0.47904848464841615 -0.8777884422547702 -0.39756728048883716 0.8054349968805914 0.43956196751387827 ,243.4635267272354 202.6957960531347 524.0735818391832 ,0.015877723693847656
5,14,5,"tensor(0.68475, device='cuda:0')",-0.34151752514111156 -0.8975601671775271 0.2788396067952688 -0.8501184192532933 0.4215197750720375 0.31562596925712716 -0.4008297060695132 -0.12925488586304518 -0.906988820886321 ,-88.61074426034695 -46.00804326461647 270.21431947392614 ,0.015877723693847656
4,15,4,"tensor(0.94900, device='cuda:0')",-0.25139250706423427 0.7803830737272854 -0.5725417588542456 -0.3215557760474269 0.4906002363535003 0.8098847393181492 0.9129094644500603 0.38770306463818915 0.1276034615034412 ,197.9873100177662 -52.102861629411386 415.61006286050014 ,0.030705690383911133
5,15,5,"tensor(0.94361, device='cuda:0')",0.6793856365873264 0.5692780391704835 0.46298776540751346 -0.37360228770790826 0.8114152340920242 -0.44947374617746355 -0.6315508589323987 0.13239271883904694 0.7639474331262293 ,143.2027468074898 142.83787072611003 513.3140743442785 ,0.030705690383911133
5,15,5,"tensor(0.94075, device='cuda:0')",-0.984225349356924 -0.1756860570049604 0.0208535622206604 0.10863004694613856 -0.6931453158167913 -0.71256514373194 0.13964230943278227 -0.6990593540861105 0.7012959752351275 ,67.48377510506404 21.748852168430073 289.8489251488224 ,0.030705690383911133
3,15,3,"tensor(0.75315, device='cuda:0')",-0.9804752311878618 0.1966425982612093 -9.785800719658611e-05 -0.0003348743015694032 -0.002167352007592707 -0.9999975952193472 -0.19664233747164184 -0.9804728405898634 0.0021908855134614505 ,-16.246971548978834 0.7977158249540788 363.74303979020993 ,0.030705690383911133
3,16,3,"tensor(0.73046, device='cuda:0')",0.9251248334288065 0.276803865649179 -0.25985315571490464 -0.16296697441592284 0.9076890593259477 0.38670704264300143 0.34290787075108553 -0.3154048058315654 0.8848355783055457 ,-209.46499080251206 200.11453214267775 518.2666326879174 ,0.015514612197875977
1,16,1,"tensor(0.65186, device='cuda:0')",0.6725763520991036 -0.7372084523632232 0.06453486159653632 -0.7396686769173398 -0.6669727102891583 0.08965295375438925 -0.02304992373988743 -0.1080328722831905 -0.9938800730077193 ,-372.1568849152732 -328.6425954654251 959.7548772188327 ,0.015514612197875977
1,17,1,"tensor(0.96389, device='cuda:0')",0.5512156551276757 -0.6066255605178865 -0.5728583863997518 -0.8236581542876297 -0.2859937150038432 -0.4896885130915324 0.13322367063574914 0.741763455762456 -0.6572963024981024 ,129.61853395570833 127.83196998996135 338.0030606613751 ,0.027912616729736328
1,17,1,"tensor(0.94327, device='cuda:0')",0.19896252056484348 -0.28405730867195456 0.9379367573565557 0.9542478514791781 0.2741449078060796 -0.1193968486659874 -0.22321503837747317 0.9187796334889246 0.3256056383542846 ,-108.96703828667654 57.08609025201051 559.7762432598909 ,0.027912616729736328
4,17,4,"tensor(0.91541, device='cuda:0')",0.47269055261393267 0.006204473596427756 0.8812066420408586 0.023598674388748152 0.999527469718087 -0.01969618861740148 -0.8809124497000986 0.030105510896672127 0.4723207746616929 ,163.23576427779975 -32.93836700740291 478.01038915698564 ,0.027912616729736328
1,17,1,"tensor(0.59077, device='cuda:0')",-0.1041580901806364 0.9652885002595263 -0.23951869137217074 -0.9325248148506724 -0.011063004788197786 0.36093639275193024 0.3457579528190809 0.26095156867083796 0.9013077814323958 ,-113.54287856914999 61.15262167776279 619.5943463753167 ,0.027912616729736328
3,18,3,"tensor(0.73527, device='cuda:0')",-0.0945024478878296 0.47862984249804413 0.8729162395175756 0.2387101760759349 0.862154427704451 -0.4468861092352352 -0.9664816289930214 0.16614215798498572 -0.19572951785330656 ,17.788934627856236 -131.3399106235745 631.6416776080083 ,0.01018071174621582
3,19,3,"tensor(0.67535, device='cuda:0')",0.03351290232806298 -0.9912895831226456 0.1273650178427393 -0.36836272377348717 -0.1307162103949272 -0.9204467263639796 0.9290779241332385 -0.01606968364718875 -0.369534810479002 ,-208.79506773034765 -213.55366182807447 566.9056231475287 ,0.023409128189086914
4,19,4,"tensor(0.59194, device='cuda:0')",0.5760074782777904 0.7283641415815179 -0.3710809375679102 0.45113194383425054 0.09531540797215368 0.8873527721574054 0.6816856711273835 -0.6785282973180413 -0.2736859432237765 ,102.57276020367884 -15.488555881214499 246.19834002161224 ,0.023409128189086914
1,19,1,"tensor(0.53861, device='cuda:0')",-0.06450602487487767 -0.7267019369660012 -0.6839175882843663 -0.9971351291234147 0.019807808755765068 0.07300126697754067 -0.03950325332011018 0.6866672742472567 -0.7258977527551453 ,184.84439644413263 -27.69825550021338 453.5202449759601 ,0.023409128189086914
1,20,1,"tensor(0.94628, device='cuda:0')",0.41492164890471994 -0.4926466102208422 -0.7649440127931598 -0.87897793660547 -0.43420750158419735 -0.1971335398373387 -0.23502725848500805 0.7541638833873727 -0.6131875934517089 ,259.88915127227597 -36.904909557646846 608.0278683032022 ,0.031771183013916016
4,20,4,"tensor(0.89845, device='cuda:0')",-0.8189372030162713 0.5090508190381389 0.26497003821656256 0.3194689653131781 0.02082486943417214 0.9473678826172951 0.47674043012693396 0.8604845079660932 -0.17968019877753996 ,-90.89327168083643 -156.91693865383596 462.04341139835503 ,0.031771183013916016
1,20,1,"tensor(0.89539, device='cuda:0')",0.5068492448802714 -0.7202122154407546 -0.4737068795090682 -0.8354294577059017 -0.27492230991926425 -0.4758942579038741 0.2125122682612034 0.6369553267212514 -0.7410306657621548 ,60.01116465217114 140.56390050142255 421.8087737568763 ,0.031771183013916016
1,20,1,"tensor(0.88044, device='cuda:0')",-0.8172333628230073 -0.08283138632584738 -0.5703232347786095 0.12090683995717144 -0.992235976293193 -0.02914281045240691 -0.5634812922720414 -0.09277245705936768 0.8209032247899858 ,88.35106529337989 130.62375153024203 417.20318721012495 ,0.031771183013916016
1,21,1,"tensor(0.98517, device='cuda:0')",0.15939349639005979 -0.13604625722573338 -0.9777960570606847 -0.431571546132252 0.8811998546800666 -0.1929580697479303 0.8878849665793253 0.4527452175414991 0.08174383227945264 ,-175.9553661125972 89.51455211869072 415.3252784497778 ,0.018515586853027344
1,21,1,"tensor(0.96265, device='cuda:0')",0.2950912959627544 0.692769041240724 0.6580214149595968 -0.9334488255069069 0.06202451980099149 0.35330758427074854 0.20394709413668483 -0.718487309868354 0.6649673438232422 ,33.95331353776531 7.4782966573612315 124.54668005938174 ,0.018515586853027344
1,22,1,"tensor(0.98253, device='cuda:0')",-0.2654879376770162 0.6235215357526045 -0.7353482504233746 -0.833490193979683 -0.5317854687068849 -0.14999437260080423 -0.4845722355724839 0.5730838592430536 0.6608817131585445 ,-38.9558218535298 84.07560459965677 296.9178273337212 ,0.023413658142089844
1,22,1,"tensor(0.97497, device='cuda:0')",0.35630637816050764 0.656049330515517 -0.6653157452009411 0.8659533905428581 0.035595333177513386 0.4988563898190641 0.35095653618285777 -0.7538781388169603 -0.5554252978793877 ,122.05171879368162 -118.58426253539639 602.9099779359219 ,0.023413658142089844
3,22,3,"tensor(0.54134, device='cuda:0')",-0.41403818016891564 -0.9075554952429037 -0.07010997373284655 0.8698621088169269 -0.3717969082148548 -0.3242020522551385 0.2681646826242809 -0.1952180373230985 0.9433862522300905 ,-26.571479447576102 -115.91542559189004 338.22915220370476 ,0.023413658142089844
1,23,1,"tensor(0.96038, device='cuda:0')",0.9263720454741667 -0.35651371859827796 -0.1213787535577637 -0.011672095381073928 0.294959801078698 -0.9554383695126704 0.3764287390110159 0.8865081410787173 0.26908125212978634 ,-161.59282241444794 83.67753661545042 348.32071832309805 ,0.02412247657775879
4,23,4,"tensor(0.94465, device='cuda:0')",-0.38605211144313617 0.8941473432025003 0.22685743517505993 0.9174311088052742 0.3978361508389283 -0.006823318986431751 -0.09635314134277867 0.20549191159161384 -0.9739040745493383 ,-30.48071798355343 23.322742379736134 344.7775403300825 ,0.02412247657775879
3,23,3,"tensor(0.77658, device='cuda:0')",0.5663919730779666 0.7829138025349079 0.2573831980397695 -0.7699884208786983 0.6140452753983464 -0.17339616914366157 -0.2937991908524875 -0.09997188385391209 0.9506248775900636 ,93.57685257386248 -59.92898397254642 340.3834660472125 ,0.02412247657775879
1,24,1,"tensor(0.95894, device='cuda:0')",-0.25195527419726893 0.5769795286161964 0.7769254554730529 0.9112860295579921 0.4116480749176874 -0.010180115372242338 -0.32569358626876466 0.7054363798205999 -0.6295102873575593 ,-246.65131444419742 187.8413822138982 665.1158512273292 ,0.02546405792236328
5,24,5,"tensor(0.92151, device='cuda:0')",-0.22171443419197726 -0.7478658971388017 0.6257310201418073 0.9355610899637448 -0.34405188327269093 -0.07971040435454296 0.2748966289658378 0.5677366480273137 0.7759555025063798 ,-77.28371204795127 -220.50509917179747 606.681163819723 ,0.02546405792236328
1,24,1,"tensor(0.90463, device='cuda:0')",0.007360191607798869 -0.9970830407440952 0.07596866090701941 -0.9181568682466343 0.02335805343731123 0.3955279593545227 -0.39614870045354134 -0.07266230935037041 -0.9153067223225456 ,-87.61857703642877 -48.77288889821723 752.5025432285239 ,0.02546405792236328
4,25,4,"tensor(0.96139, device='cuda:0')",-0.34337313077966664 0.890701966361702 0.2979008227211999 -0.6191350731354524 0.02384043485607451 -0.7849225406875707 -0.7062341355896979 -0.4539621578780229 0.5432786623295646 ,-24.690080321410914 86.3833372091899 478.20115976699185 ,0.01872873306274414
3,25,3,"tensor(0.67681, device='cuda:0')",0.14924679743024116 0.9873327255890167 -0.05384684241234672 0.11572886748461739 -0.07152437358502611 -0.9907023232101545 -0.9820041866955276 0.14162751485581165 -0.1249376818586867 ,226.44421320078825 -29.1023705921853 524.5986613160844 ,0.01872873306274414
1,26,1,"tensor(0.96688, device='cuda:0')",-0.6343168875570543 -0.07709537723642321 -0.7692193373600961 -0.5132397703400803 -0.702100862648253 0.4935983355014895 -0.5781237102049986 0.7078917159264919 0.40578602023905863 ,-47.66200288433448 76.6023292279163 222.78783274269523 ,0.02486705780029297
4,26,4,"tensor(0.90791, device='cuda:0')",0.5431842935891987 -0.8281855108353 -0.13805644802209094 0.12026259210682277 0.23947746265410083 -0.9634248563435042 0.8309559146776385 0.5067142237230242 0.22968013266066784 ,110.20750853402065 167.71837911288893 564.495382846516 ,0.02486705780029297
1,26,1,"tensor(0.65134, device='cuda:0')",-0.573776251987777 0.7386319604951064 -0.35384126326647464 0.8144799759274199 0.5599883675207054 -0.15177416464855067 0.08604174259119113 -0.375281034928027 -0.9229089680760612 ,-321.06447393011297 180.16718826103445 673.4557997071614 ,0.02486705780029297
1,27,1,"tensor(0.98131, device='cuda:0')",0.11561834497634763 0.9630113051052281 -0.2433960240933606 0.8722760351508778 0.018779745317770068 0.48865308723803746 0.47514936262863233 -0.26880578008168876 -0.8378403999499423 ,111.74381950339985 -57.12317344248571 335.4192593109989 ,0.016839981079101562
1,27,1,"tensor(0.96990, device='cuda:0')",-0.9146160093037945 0.05084929197713234 0.4011133319033737 0.08571235032341866 0.9938968335799419 0.06944405807411644 -0.3951340893003757 0.09789501368910498 -0.9133923679162055 ,-38.48157516915281 -2.1825645701634855 275.54436088790624 ,0.016839981079101562
4,28,4,"tensor(0.90259, device='cuda:0')",-0.13774120212600252 -0.148861230130768 -0.9792178998572475 0.9843745540718412 -0.13007198607222023 -0.11869294728454613 -0.10970003889127669 -0.9802660927539943 0.16445147875306473 ,-10.839962705951129 16.307616908613007 255.08016420892923 ,0.0225069522857666
4,28,4,"tensor(0.68947, device='cuda:0')",-0.1991718575930157 -0.9390872750312224 -0.28008152566240524 0.7537637191562964 0.03583473830193242 -0.6561677584387241 0.6262354404108851 -0.34180544379115013 0.7007126456459305 ,-214.77618779333397 81.26730355384295 531.1495669982768 ,0.0225069522857666
3,28,3,"tensor(0.55718, device='cuda:0')",-0.8770073700139991 0.4745413468617745 0.07528999309165556 0.023639058511247164 0.19912368683664272 -0.9796892120735454 -0.4798950592096467 -0.8574148747597021 -0.18585065156456673 ,-201.60760924534006 -68.65370194649606 492.90293421470653 ,0.0225069522857666
1,29,1,"tensor(0.94996, device='cuda:0')",-0.2236082122008176 -0.9500980376770765 0.21751571492313534 -0.8645865976119645 0.29637987034574614 0.40576962390450777 -0.4499882028077192 -0.09732775172584257 -0.88771500273335 ,201.20377711053212 -100.25068262989191 728.6830834315838 ,0.02286362648010254
5,29,5,"tensor(0.90058, device='cuda:0')",-0.6424022789271325 0.20524000051527547 0.7383737903106502 -0.6738609084215417 -0.6101597204845299 -0.4166732432008742 0.3650079288598004 -0.7652330740935928 0.5302712081404656 ,95.66612853943442 -122.15395745290718 392.44888754587237 ,0.02286362648010254
3,29,3,"tensor(0.77764, device='cuda:0')",-0.826691031799998 0.40022350352848046 0.3954782992337801 -0.3986138839545571 -0.9126564315563704 0.09036154855609213 0.39710062888406233 -0.08294205906643823 0.914019532273628 ,102.29421177766669 29.714916867429082 293.6732427329481 ,0.02286362648010254
1,30,1,"tensor(0.98396, device='cuda:0')",-0.7652687687967877 -0.6428035935106476 -0.03416506511111511 -0.5861245318501672 0.6738833221323417 0.4498214104678664 -0.2661235515088266 0.36425925976106144 -0.8924648155589398 ,-79.81648387952973 -20.839052552149774 276.63188863659764 ,0.01629948616027832
3,30,3,"tensor(0.53711, device='cuda:0')",-0.9901182241019904 -0.0965433886959535 -0.10171173187112102 0.06485877487553363 0.32780286162698014 -0.9425171739712799 0.1243351986477105 -0.9398003287976999 -0.3183019012965041 ,146.5206175466156 -125.82800078685558 440.92660413151333 ,0.01629948616027832
1,31,1,"tensor(0.96554, device='cuda:0')",0.745361111438012 -0.5746049200757666 -0.33803254189591475 -0.6572454512268039 -0.7182821602797937 -0.2282523933400651 -0.11164779620559695 0.39230080811606116 -0.9130360592845822 ,56.861415732146384 -23.933063635961698 520.9306576452196 ,0.015099525451660156
5,31,5,"tensor(0.65815, device='cuda:0')",-0.9848210358872382 0.1600494440930757 0.06716920960890156 -0.037400590416736275 -0.5735605717339328 0.8183089064581444 0.16949549584123655 0.8033756568366641 0.5708404601040398 ,-10.934710250795463 -95.55564002815377 342.2427373794401 ,0.015099525451660156
1,32,1,"tensor(0.98436, device='cuda:0')",-0.3338042353301211 -0.9047153325111106 0.26469775139767215 -0.940207900614062 0.2993778819710452 -0.16242532871885768 0.06770403310417433 -0.30308917979011013 -0.9505541083997202 ,-2.9794225276499944 91.5096420896202 315.5067079590855 ,0.022896766662597656
4,32,4,"tensor(0.95043, device='cuda:0')",0.31974590522673 0.8681232549752297 -0.37963741947014584 -0.8461174385029331 0.44193806938571834 0.29795305517624626 0.4264362043166293 0.22594857157954462 0.8758421128543598 ,112.91326751752327 -166.18542863573708 437.65479611002934 ,0.022896766662597656
3,32,3,"tensor(0.62053, device='cuda:0')",-0.8836791812245637 -0.44614333029303793 -0.1416588631371929 0.2580767180299635 -0.21187973440284325 -0.9426045755035688 0.3905221021673003 -0.8695188939778238 0.3023729166681678 ,-234.12656356454224 129.52602901481728 482.6692952813613 ,0.022896766662597656
1,33,1,"tensor(0.96280, device='cuda:0')",0.25571576844209065 0.9664534355805148 0.024025041616840492 0.7848524082622997 -0.22204736799988745 0.5785340643464231 0.5644609313450665 -0.12908417106269232 -0.8153043197273752 ,232.6049018091313 -208.19661226172107 588.8827581446644 ,0.026455402374267578
1,33,1,"tensor(0.96116, device='cuda:0')",-0.47209182788195536 -0.5848164565515552 -0.6596355192025041 0.877877773236783 -0.24365751728285026 -0.4122640289042752 0.08037363562700034 -0.7737058397207821 0.628426091340945 ,-126.73004412243549 128.6529145996018 327.1414606418719 ,0.026455402374267578
1,33,1,"tensor(0.88056, device='cuda:0')",-0.013447080519486902 -0.9987778317173217 0.04756068644950189 -0.9622775366212521 0.0 -0.272069738328493 0.27173722332363137 -0.04942512387486143 -0.9611014715368599 ,-40.81620328850594 119.19674878286567 816.1513893317215 ,0.026455402374267578
1,34,1,"tensor(0.95546, device='cuda:0')",0.6615082565153348 0.10143895341051931 -0.7430457356670722 -0.020877901159076312 -0.9879346638899348 -0.15345752874288554 -0.7496472102297413 0.11702665771378831 -0.651409104617909 ,346.33205897591046 -217.3287957267552 663.1904095101851 ,0.025774717330932617
4,34,4,"tensor(0.77940, device='cuda:0')",0.5489670720303065 0.5061058727727936 -0.6652007211145832 -0.8114353935541432 0.5136167545629787 -0.27887350451383097 0.20051871711664537 0.6928597801698998 0.6926309039516019 ,204.00694079594336 10.4372467642572 479.1523449593689 ,0.025774717330932617
5,34,5,"tensor(0.61072, device='cuda:0')",0.9477951165751671 -0.3187514161240895 0.009052718660864573 -0.28295520301483745 -0.8275877453510438 0.48480395711215896 -0.14704002884622072 -0.4620563368937421 -0.8745759952418309 ,-119.30342060755353 137.4035101905333 483.89549526488196 ,0.025774717330932617
4,35,4,"tensor(0.90041, device='cuda:0')",-0.43394800817332024 -0.1660364465305248 -0.885506083901135 -0.3513426466458638 -0.8738656299562135 0.33603155421643055 -0.8296068170225506 0.45693627477444426 0.3208765649669134 ,-255.0382702427923 -116.8285577399089 587.4811934897041 ,0.026953458786010742
1,35,1,"tensor(0.73303, device='cuda:0')",-0.038441234281719305 0.9989753396141241 0.023886028337584197 0.9992498101126013 0.03854225189321085 -0.003783095152289917 -0.004699840085467008 0.02372268243361599 -0.9997075301513564 ,7.3867457745404765 397.7529093829021 1103.6763286477742 ,0.026953458786010742
1,35,1,"tensor(0.72683, device='cuda:0')",-0.07166034218812065 -0.16769581960061206 0.9832308515531641 0.9852121766781479 -0.16571399052779423 0.043541247897364126 0.15563342276833425 0.9718111881594247 0.17709108471512577 ,-184.7275026488412 -263.61751504987524 1061.1055119367822 ,0.026953458786010742
4,36,4,"tensor(0.76834, device='cuda:0')",-0.39730447253047546 0.10104377381860485 -0.9121070725960714 0.8847760516686721 0.3059676837048445 -0.35150407525644334 0.24355799001649653 -0.9466646356026969 -0.21096344043065213 ,-213.2058678024788 -215.15828085552607 608.9624451422953 ,0.0187075138092041
3,36,3,"tensor(0.56259, device='cuda:0')",-0.9924706239662018 -0.12064442708261996 -0.021141967222671355 0.013165033950167434 0.0665374239732851 -0.9976970748138386 0.12177332402964561 -0.9904633730860044 -0.06444815070942878 ,161.47036417710223 -2.535391724179441 492.2119215068052 ,0.0187075138092041
1,37,1,"tensor(0.98500, device='cuda:0')",-0.6194995473942403 0.0002538313022771299 -0.78499697219034 -0.7594696245785261 -0.2531378332265857 0.5992721641557383 -0.19856031859584689 0.967430190225124 0.15701155027607513 ,-146.1766918421693 -187.61054804946548 508.2052396628387 ,0.015993118286132812
1,37,1,"tensor(0.95386, device='cuda:0')",-0.8503169794933961 0.5198882198406325 0.08171458410935936 0.28805355581953385 0.5897220588855784 -0.7544885964966449 -0.4404386261046481 -0.6180162879202236 -0.6512063302059934 ,386.73248973405276 -86.23901086806347 1055.9489564212458 ,0.015993118286132812
1,38,1,"tensor(0.96931, device='cuda:0')",-0.4980050186239978 -0.17614313761037576 0.8490963411168863 -0.8661474200531335 0.14866995607489214 -0.4771644275257643 -0.04218587631675222 -0.9730728848516241 -0.22660430844519655 ,70.48119594573376 -39.094588348436574 267.6390289652214 ,0.03269147872924805
5,38,5,"tensor(0.94662, device='cuda:0')",0.8158068507292254 0.06883176842503022 -0.5742136971187175 0.4139860852558599 -0.7628094831563135 0.4967264978047034 -0.4038250902529353 -0.6429493604182845 -0.6508005965116563 ,-3.610592610549627 47.12452447880796 517.7183691522465 ,0.03269147872924805
4,38,4,"tensor(0.83086, device='cuda:0')",-0.046322668780707676 -0.9062932004250271 -0.4201033744453791 0.32382393018073996 0.3842201195444026 -0.8645883193633743 0.9449826837563385 -0.17608956414463198 0.2756813247211741 ,-235.1731077968014 -104.40128148211707 605.3021068652539 ,0.03269147872924805
3,38,3,"tensor(0.57355, device='cuda:0')",0.3349264144360268 0.942048565491792 0.019204092477492888 -0.07733607636005395 0.047796323747070615 -0.9958587463739509 -0.9390651884753575 0.33205423004551904 0.08886259113158242 ,115.07074484123397 91.18097523613336 524.5986613160844 ,0.03269147872924805
4,39,4,"tensor(0.96594, device='cuda:0')",-0.3028520494073682 0.5389373557110956 -0.7860198234070748 0.5128018678501747 0.7873338624597975 0.3422566775879018 0.8033149323267488 -0.2994192973795594 -0.5148137564766525 ,99.70033140609901 -35.72128652764574 263.468265640647 ,0.01664257049560547
3,39,3,"tensor(0.82495, device='cuda:0')",0.39015820355749503 -0.8359454895867472 0.38596854099312544 0.8725433838891415 0.46953561688123363 0.13492348836005377 -0.2940146585258538 0.28413279099662736 0.9125918790195278 ,129.4962727280678 41.311362706989854 303.38388762741755 ,0.01664257049560547
4,40,4,"tensor(0.96082, device='cuda:0')",0.2098125452425773 -0.9517242539457589 -0.22405276233561613 -0.6213749610249323 0.047133546574845614 -0.7820943591399572 0.7548985717764308 0.3033139845748387 -0.5814884118288507 ,93.34620493809444 129.2743014571678 447.4657486947512 ,0.026864051818847656
1,40,1,"tensor(0.95849, device='cuda:0')",0.6905824601068349 0.6619100181830478 -0.2914978449692365 0.5341416132889676 -0.7384931950413314 -0.4114857686855098 -0.48763572751168544 0.12846372525566596 -0.8635441323682225 ,-254.50036384634743 215.1362010136906 699.3247002389766 ,0.026864051818847656
3,40,3,"tensor(0.69461, device='cuda:0')",-0.9528733137352182 0.30300460656409034 -0.014854506797773634 -0.020289907761177527 -0.11250926260723004 -0.9934434988818541 -0.3026892261285611 -0.9463244022154972 0.11335500940485448 ,-31.78265432683448 -69.85324206820371 232.25690500534859 ,0.026864051818847656
5,41,5,"tensor(0.95237, device='cuda:0')",-0.2875666638481675 -0.5887690783713799 0.7554180208314802 0.3180856628376822 0.68525432713259 0.6551702208153035 -0.9033974346545087 0.42869275652823546 -0.009777298188948097 ,26.19555093920456 -26.17652216164278 78.01975453553237 ,0.017368555068969727
3,41,3,"tensor(0.53863, device='cuda:0')",0.9913645296882647 0.12761456555174877 -0.03018098631595771 -0.13109160680509374 0.9703476965241642 -0.2030771736939121 0.003370445256091273 0.2052799807806086 0.9786974862486818 ,-46.152513414137886 -105.45409418374201 441.2881176313893 ,0.017368555068969727
1,42,1,"tensor(0.97033, device='cuda:0')",-0.9134731057680868 0.34519789357557396 0.21541889264730826 0.37482284254545495 0.5078366241111407 0.7756350945628656 0.1583499976146232 0.7892657204531227 -0.5932831539602841 ,-100.91214684563279 -72.44229430243806 211.54843026144135 ,0.023454666137695312
5,42,5,"tensor(0.89237, device='cuda:0')",0.06088630062276072 -0.2144991182720018 0.9748245927637487 0.9980035685135555 -0.0033408141146047954 -0.0630691382156152 0.01678498229619346 0.9767184687624092 0.21386747566596243 ,160.83236742910984 29.45863907261316 368.3444930363703 ,0.023454666137695312
1,42,1,"tensor(0.80130, device='cuda:0')",0.6887421049910205 0.7051174561009086 -0.16865255976213722 -0.13212391960622918 0.3507987000324443 0.9270833521984061 0.7128657536173446 -0.6162383022478644 0.33477271717128454 ,-155.27724501455285 -70.45363388644977 648.1232512902229 ,0.023454666137695312
1,43,1,"tensor(0.96843, device='cuda:0')",-0.45831845044982067 -0.8849061758685823 -0.08297745408794333 -0.8190550783278724 0.38426488001348874 0.42601558733635747 -0.3450985028112959 0.2632139090129174 -0.9009025815589282 ,-165.3990369934375 -83.7295933207879 428.1074729520956 ,0.022396087646484375
1,43,1,"tensor(0.96355, device='cuda:0')",0.037814694143911004 0.9949754766169843 0.09270301957114314 0.79727706488149 -0.0859671158558897 0.5974604060566499 0.6024278634996553 0.05131720883120322 -0.7965219478187752 ,116.21747844240254 171.4788036196698 774.2927027371052 ,0.022396087646484375
1,43,1,"tensor(0.75164, device='cuda:0')",-0.36757987266638625 -0.9108168010089644 -0.18787706674940344 -0.684320170172991 0.12810085453860828 0.7178412608375802 -0.6297546680295205 0.3924320655429101 -0.6703776040626308 ,255.8389493215346 -36.18764891217738 676.1914434910683 ,0.022396087646484375
4,44,4,"tensor(0.94066, device='cuda:0')",0.779130571036226 0.5469567259534834 0.3062578867735666 -0.5191716877348567 0.8368269360400434 -0.17372805695216254 -0.3513065782636373 -0.023643583740190786 0.9359618950665757 ,-26.897909952606685 87.22295979091632 256.3665225037794 ,0.02488088607788086
5,44,5,"tensor(0.89138, device='cuda:0')",-0.6065091524998049 -0.21778672023085877 0.7646669813880117 -0.5857481487818749 -0.5279415177548397 -0.6149608605670142 0.5376297556242353 -0.8208816591457028 0.19263319429844694 ,209.91955208911935 -110.52364590454079 598.4365818571639 ,0.02488088607788086
1,44,1,"tensor(0.70344, device='cuda:0')",0.5713438232618867 -0.041245709778734235 -0.8196737320698635 -0.7775813395636548 0.2922991089280083 -0.5567122158550901 0.2625518919811512 0.9554370844512686 0.134931396169969 ,-131.1654072325256 114.90186301766896 540.7574242221392 ,0.02488088607788086
1,45,1,"tensor(0.95760, device='cuda:0')",0.9890363615530938 0.14749262775268823 0.007280129423616951 -0.0026527597739673782 0.06703659194798298 -0.9977469910781896 -0.14764836061195968 0.9867887413720356 0.0666928895010116 ,43.89761130453249 1.3061989626036734 402.14162773369065 ,0.009358882904052734
5,46,5,"tensor(0.76072, device='cuda:0')",0.3606849037791695 0.8957182473453582 -0.2599908105267775 0.1939800667446331 -0.34470062471913476 -0.9184515300351924 -0.9122927895645997 0.2808385669575988 -0.29807979706387916 ,-40.50578572947572 -19.8737783654985 100.50664291885505 ,0.019262075424194336
3,46,3,"tensor(0.75395, device='cuda:0')",-0.5886995006335018 0.8082754767954282 -0.011119872525738317 -0.7917430544871489 -0.5737749213902736 0.2095835758234526 0.16302096069286656 0.13218582826728603 0.9777275045635498 ,-22.244540830324787 49.00291703471491 266.13725055865854 ,0.019262075424194336
1,47,1,"tensor(0.96457, device='cuda:0')",-0.7138185450394423 -0.65735707129556 -0.24154661160011723 -0.5686480919399349 0.7453540590474563 -0.3479751057109579 0.40878164377922493 -0.11103606386757889 -0.9058523942839418 ,10.468385312737578 -200.55826095620523 635.4169592169404 ,0.027029991149902344
4,47,4,"tensor(0.93992, device='cuda:0')",0.2507411945454032 -0.9233068323808638 -0.29091810984667116 0.05562392444005948 -0.2862804211740877 0.956529926077733 -0.9664547751384079 -0.2560234632435132 -0.020424345300808028 ,211.82925317341665 47.71308599631766 571.5624626216088 ,0.027029991149902344
4,47,4,"tensor(0.93434, device='cuda:0')",0.31204803613546894 0.9499658631925955 0.013816002053556889 -0.8082727787184654 0.25780523179166726 0.5293690372921099 0.49932067684678105 -0.17635566684853518 0.8482791642164039 ,43.370749789195976 -38.948063450406295 548.5333274731347 ,0.027029991149902344
1,48,1,"tensor(0.96530, device='cuda:0')",0.9352984137702154 -0.1850544326521107 -0.3016152087589823 -0.3347303444774883 -0.18622651776149854 -0.9237290081882285 0.11477139750347685 0.9649220388395281 -0.23612070065300753 ,-121.67981411677002 -110.29848906269315 463.5701399103038 ,0.026580810546875
4,48,4,"tensor(0.94174, device='cuda:0')",-0.5437098461851709 0.8082729475733614 -0.2259965605542883 -0.3237547566780894 0.04644249780688352 0.9450005036642937 0.7743141873229554 0.5869735399645608 0.23643096813206002 ,24.682878123917146 61.12190288618854 305.6894051216373 ,0.026580810546875
5,48,5,"tensor(0.80170, device='cuda:0')",0.014761212899788392 -0.854417547489865 -0.5193772820745353 -0.9375691277963691 -0.19234287921103688 0.2897729238903524 -0.34748559279038116 0.4826747055297312 -0.8039147289637781 ,-70.44709981640791 -25.839702493182052 626.2343434729759 ,0.026580810546875
1,49,1,"tensor(0.95869, device='cuda:0')",0.38528011747238317 -0.8361153795477941 -0.39047445904196476 0.5925058507607007 0.5485385786936446 -0.5899510526298726 0.7074574530632957 -0.004061990694790324 0.7067442623302933 ,76.85900812434564 -33.416532179274135 569.4033015437716 ,0.025606632232666016
4,49,4,"tensor(0.78354, device='cuda:0')",-0.7436710712284358 0.03746696011058707 0.6674949922793599 0.08167243987534749 -0.9858585791583843 0.14633001901393772 0.6635382056692432 0.16333734661700403 0.7300944875955153 ,164.01727666402576 29.298004693911953 639.7409176916026 ,0.025606632232666016
3,49,3,"tensor(0.74423, device='cuda:0')",0.08582574032540483 -0.47065596046462227 -0.8781326261885046 -0.9393445967056214 -0.33198481317964257 0.08612672325144748 -0.3320627515057204 0.8174772478162321 -0.4706009757376715 ,-168.0589925510487 -141.5229817144702 390.9646944545513 ,0.025606632232666016
4,50,4,"tensor(0.91535, device='cuda:0')",0.8060572139185594 -0.5861686086741391 -0.08171982681622514 0.5702902214606722 0.8061894678659837 -0.15756777972764546 0.15824294990989998 0.08040462739784626 0.9841210620126095 ,-296.74525855188807 -20.71387372390888 568.6091066229341 ,0.0389554500579834
5,50,5,"tensor(0.90564, device='cuda:0')",-0.9615006780272642 0.07270416931520138 0.2650104713351869 0.08393112620866139 -0.8405916290446795 0.535127348612793 0.2616715731722824 0.5367679358383829 0.8021272784598119 ,164.59090362478054 -123.6925781489757 366.99808915657036 ,0.0389554500579834
